0.02816326530612245
3.874807256235828
4.117687074829932
4.356802721088435
4.597097505668934
4.836485260770975
5.0744671201814056
5.313265306122449
5.553582766439909
5.793219954648526
6.035442176870748
6.274920634920635
6.518843537414966
6.761269841269841
6.998208616780046
7.237324263038548
7.473310657596372
7.715260770975057
7.959251700680272
8.193718820861678
8.434195011337868
8.67517006802721
8.914104308390023
9.155963718820862
9.390566893424037
9.634467120181405
9.87625850340136
10.114285714285714
10.356213151927438
10.596054421768708
10.838004535147393
11.07764172335601
11.315260770975057
11.548820861678005
11.793968253968254
12.035374149659864
12.268775510204081
12.508616780045351
12.756893424036281
13.230839002267574
13.467460317460317
13.952448979591837
14.19140589569161
14.429274376417233
14.676349206349206
14.789410430839002
15.160907029478459
15.391201814058958
15.626303854875284
15.877097505668933
16.10938775510204
16.3487074829932
16.595034013605442
17.06734693877551
17.31061224489796
17.55061224489796
17.79374149659864
18.027482993197278
18.27
18.510181405895693
18.99077097505669
19.227641723356008
19.708253968253967
20.186530612244898
20.432562358276645
20.548390022675736
20.670272108843537
21.149138321995466
21.62630385487528
21.871292517006804
22.109659863945577
22.349297052154196
22.59122448979592
23.06503401360544
23.308775510204082
23.548163265306123
24.02843537414966
24.27124716553288
24.512426303854877
24.749727891156464
24.989795918367346
25.2278231292517
25.46827664399093
25.714058956916098
25.946870748299318
26.18886621315193
26.42938775510204
26.907369614512472
27.38591836734694
27.868503401360545
28.11308390022676
28.346802721088434
28.82551020408163
29.308095238095238
29.553786848072562
29.789115646258505
30.03090702947846
30.273424036281178
30.74907029478458
30.985396825396826
31.22734693877551
31.706145124716553
31.95124716553288
32.19163265306123
32.43131519274377
32.67011337868481
32.91122448979592
33.14539682539682
33.629229024943314
33.86707482993197
34.107392290249436
34.58795918367347
35.07015873015873
35.313696145124716
35.546122448979595
35.78716553287982
35.90587301587301
36.025986394557826
36.50904761904762
36.98761904761905
37.23183673469388
37.465215419501135
37.70437641723356
37.82689342403628
37.94938775510204
38.30770975056689
38.67106575963719
38.90866213151927
39.14922902494331
39.3885260770975
39.62206349206349
39.74736961451247
39.87024943310658
40.11090702947846
40.348843537414965
40.58571428571429
40.829138321995465
41.07387755102041
41.30453514739229
41.54761904761905
41.790680272108844
42.26689342403628
42.7475283446712
43.229795918367344
43.463083900226756
43.5828798185941
43.70748299319728
43.95371882086168
44.18637188208617
44.66886621315193
44.91303854875284
45.14795918367347
45.385668934240364
45.507278911564626
45.6295918367347
45.98297052154195
46.113945578231295
46.34879818594104
46.58827664399093
46.832244897959185
47.06448979591837
47.305736961451245
47.42401360544218
47.549886621315196
47.78716553287982
48.027687074829934
48.26925170068027
48.51015873015873
48.988185941043085
49.221655328798185
49.46877551020408
49.946394557823126
50.429750566893425
50.90580498866213
51.14736961451247
51.26528344671202
51.38673469387755
51.868367346938776
52.115374149659864
52.34875283446712
52.59156462585034
52.82517006802721
53.06439909297052
53.18562358276644
53.30891156462585
53.66766439909297
54.03015873015873
54.268843537414966
54.509297052154196
54.748321995464856
54.98249433106576
55.107392290249436
55.22981859410431
55.708730158730155
55.94532879818594
56.18866213151927
56.43396825396825
56.66451247165533
56.9075283446712
57.150068027210885
57.62766439909297
58.108390022675735
58.58968253968254
58.82299319727891
58.94342403628118
59.06732426303855
59.54530612244898
60.03015873015873
60.27328798185941
60.50775510204082
60.74530612244898
60.86766439909297
60.99031746031746
61.34253968253968
61.708004535147396
61.9481179138322
62.19201814058957
62.42410430839002
62.66569160997732
62.78410430839002
62.9097052154195
63.14698412698413
63.38854875283447
63.62893424036281
63.86938775510204
64.34829931972789
64.58222222222223
64.82746031746032
65.30850340136054
65.66687074829932
65.790589569161
66.02378684807256
66.14718820861678
66.26612244897959
66.50857142857143
66.62603174603174
66.75036281179138
66.98548752834468
67.2314739229025
67.46839002267573
67.707641723356
67.94947845804988
68.18385487528344
68.30761904761904
68.42510204081633
68.66941043083901
68.90303854875283
69.02755102040817
69.50637188208617
69.63108843537415
69.98383219954648
70.10843537414966
70.34299319727891
70.46825396825396
70.58823129251701
70.82732426303855
71.07281179138322
71.30659863945579
71.54879818594104
71.79068027210884
72.26678004535147
72.38621315192744
72.50988662131519
72.7440589569161
72.98696145124717
73.34850340136055
73.4698866213152
73.70836734693877
73.82285714285715
73.94956916099773
74.18478458049887
74.31038548752835
74.42775510204082
74.66934240362812
74.91047619047619
75.14834467120181
75.39031746031746
75.63102040816327
75.86804988662132
75.98344671201814
76.10873015873015
76.34861678004535
76.58639455782313
76.70258503401361
77.1907709750567
77.30875283446711
77.66517006802721
77.78496598639455
78.0266439909297
78.14791383219955
78.26959183673469
78.50537414965986
78.75619047619048
78.98875283446712
79.23031746031747
79.47351473922903
79.7098185941043
79.8255328798186
80.18709750566893
80.42904761904762
80.66487528344672
84.51551020408164
84.75902494331066
84.99471655328799
85.23512471655329
85.47569160997732
85.71485260770974
85.95526077097506
86.19145124716553
86.43179138321996
86.67680272108844
86.91648526077097
87.15609977324263
87.40013605442176
87.63850340136054
87.87244897959184
88.11580498866213
88.35637188208617
88.59993197278912
88.83598639455782
89.07600907029479
89.31451247165533
89.55637188208617
89.79532879818593
90.03151927437642
90.27510204081632
90.51662131519275
90.75294784580498
90.99487528344672
91.23673469387755
91.47993197278912
91.71546485260771
91.9536507936508
92.18990929705215
92.43585034013606
92.67621315192744
92.9102947845805
93.14684807256236
93.39580498866214
93.8724716553288
94.11002267573696
94.5954648526077
94.82904761904761
95.070589569161
95.31598639455783
95.43045351473923
95.80224489795918
96.02668934240363
96.26705215419501
96.5150566893424
96.74909297052154
96.98628117913832
97.23587301587301
97.70684807256235
97.94950113378685
98.18977324263038
98.43643990929705
98.66843537414967
98.90981859410431
99.14888888888889
99.39120181405896
99.86578231292518
100.34746031746032
100.82809523809524
101.07072562358276
101.18963718820862
101.30861678004536
101.78868480725623
102.26825396825397
102.51274376417234
102.74696145124716
102.9898185941043
103.23197278911564
103.70730158730159
103.94916099773242
104.18607709750567
104.66891156462584
104.90893424036281
105.15213151927438
105.39126984126985
105.63115646258504
105.86900226757369
106.10893424036281
106.35521541950114
106.58773242630386
106.82961451247165
107.0665306122449
107.54934240362812
108.02800453514739
108.27358276643992
108.50598639455782
108.74907029478459
108.86573696145125
108.98471655328798
109.46965986394558
109.94639455782313
110.19380952380952
110.42963718820862
110.67242630385488
110.91383219954649
111.38571428571429
111.62689342403628
111.86834467120181
112.34641723356009
112.5912925170068
112.8307709750567
113.06784580498866
113.30975056689343
113.78580498866214
114.26816326530613
114.50773242630386
114.74981859410431
115.22546485260771
115.71020408163265
116.18786848072563
116.42206349206349
116.54700680272109
116.66668934240363
116.91108843537415
117.15015873015874
117.39659863945579
117.62909297052154
117.8731746031746
118.10507936507936
118.34680272108844
118.46523809523809
118.59002267573696
118.94492063492063
119.30988662131519
119.54616780045352
119.79009070294785
120.02920634920635
120.26303854875283
120.3878231292517
120.51063492063491
120.75267573696145
120.98580498866212
121.22702947845805
121.47009070294784
121.94678004535147
122.1885260770975
122.42936507936508
122.90875283446712
123.38802721088436
123.8678231292517
124.10569160997733
124.22297052154195
124.34850340136055
124.8273469387755
125.30897959183673
125.55058956916099
125.78916099773242
126.0220634920635
126.14916099773242
126.27
126.62521541950113
126.98786848072562
127.22963718820861
127.47315192743764
127.70571428571428
127.94721088435374
128.06566893424036
128.19031746031746
128.42702947845805
128.66977324263038
128.9073469387755
129.14784580498866
129.62482993197278
129.86326530612246
130.1081179138322
130.58528344671203
131.07013605442177
131.54804988662133
131.78213151927437
131.90714285714284
132.02591836734695
132.50945578231293
132.9892290249433
133.23331065759638
133.46473922902496
133.7067120181406
133.82591836734693
133.95015873015873
134.30503401360545
134.66968253968253
134.90721088435373
135.15009070294784
135.38965986394558
135.62301587301587
135.7471201814059
135.87108843537416
136.11303854875283
136.3463492063492
136.58709750566894
136.82965986394558
137.30673469387756
137.54861678004536
137.78922902494332
138.26854875283448
138.74854875283447
139.22691609977323
139.46571428571428
139.58346938775512
139.70843537414967
140.1861904761905
140.66956916099772
140.9100453514739
141.14975056689343
141.38183673469388
141.5091156462585
141.6298866213152
141.98514739229026
142.34777777777776
142.58850340136055
143.06580498866214
143.30736961451248
143.42548752834466
143.54954648526078
143.7872789115646
144.02972789115645
144.2674829931973
144.508820861678
144.9852380952381
145.22374149659865
145.46875283446713
145.94544217687076
146.30569160997732
146.43049886621316
146.66598639455782
146.78331065759636
146.9082993197279
147.14569160997732
147.26834467120182
147.38934240362812
147.62773242630385
147.87285714285716
148.10628117913834
148.34861678004535
148.59072562358276
148.82541950113378
148.94233560090703
149.0672789115646
149.3098185941043
149.54367346938776
149.66591836734693
150.14897959183673
150.26922902494331
150.6229931972789
150.7491156462585
150.98442176870748
151.11043083900228
151.23120181405895
151.4691156462585
151.71396825396826
151.9473469387755
152.18963718820862
152.42757369614512
152.66857142857143
152.78421768707483
152.9063492063492
153.0280725623583
153.14650793650793
153.38657596371883
153.6289342403628
153.99036281179139
154.1097505668934
154.46528344671202
154.58428571428573
154.82748299319726
154.95038548752834
155.07022675736962
155.30507936507937
155.55380952380952
155.79095238095238
156.02997732426303
156.27054421768707
156.5096598639456
156.62566893424037
156.74605442176872
156.98786848072564
157.22780045351473
157.3451247165533
157.8287074829932
157.9498185941043
158.30750566893425
158.42578231292518
158.66873015873017
158.78680272108843
158.91063492063492
159.14501133786848
159.39714285714285
159.6270068027211
159.86755102040817
160.1166439909297
160.34303854875284
160.46777777777777
160.82911564625851
161.06768707482993
