0.021541950113378686
3.876643990929705
4.594739229024944
5.081451247165533
5.556145124716553
6.046757369614513
6.279795918367347
6.519569160997732
6.7575736961451245
6.998616780045351
7.239455782312925
7.71718820861678
7.961360544217687
8.437052154195012
8.680748299319728
8.923083900226757
9.392290249433106
10.598231292517006
11.080634920634921
11.311904761904762
11.555668934240362
12.035827664399093
12.271927437641724
12.523628117913832
12.764308390022675
12.998412698412698
13.232562358276644
13.477074829931972
14.91625850340136
15.156689342403627
15.392698412698413
15.878684807256235
16.112131519274378
16.366417233560092
16.60065759637188
16.834897959183674
17.806213151927437
18.03532879818594
18.27984126984127
18.758072562358276
19.23079365079365
19.709433106575965
20.662063492063492
21.626893424036282
21.870884353741495
22.348820861678004
22.59
23.06700680272109
23.550340136054423
24.50501133786848
25.46904761904762
25.947437641723354
26.190362811791385
26.423083900226757
26.908049886621317
27.385102040816328
28.340997732426302
29.308367346938777
29.788979591836735
30.030204081632654
30.750884353741498
31.22768707482993
32.19024943310657
33.143356009070295
34.58342403628118
35.06868480725623
35.31074829931973
35.54453514739229
35.66462585034014
35.90605442176871
36.03004535147392
36.2675283446712
36.51124716553288
36.745827664399094
36.989115646258504
37.23077097505669
37.46095238095238
37.587709750566894
37.70410430839002
37.82206349206349
37.948095238095235
38.30732426303855
38.42632653061224
38.670362811791385
38.909297052154194
39.38596371882086
39.506190476190476
39.62215419501134
39.74770975056689
39.8681179138322
40.35092970521542
40.5837641723356
40.827732426303854
41.1904081632653
41.30312925170068
41.54829931972789
41.789478458049885
42.26698412698413
42.74848072562358
42.98839002267574
43.7065306122449
44.18485260770975
44.427573696145124
44.669659863945576
44.90873015873016
45.14541950113379
45.263492063492066
45.38106575963719
45.50503401360544
45.631473922902494
45.86827664399093
45.98453514739229
46.11142857142857
46.347755102040814
46.58768707482993
47.06192743764172
47.54909297052154
48.02997732426304
48.27006802721088
48.5081179138322
48.98367346938775
49.10659863945578
49.22269841269841
49.34614512471655
49.467233560090705
49.94235827664399
50.42845804988662
50.673151927437644
50.90453514739229
51.26582766439909
51.39056689342404
51.628367346938774
51.86818594104309
52.103537414965984
52.34748299319728
52.823514739229026
53.06585034013605
53.18179138321995
53.308185941043085
53.6681179138322
53.78639455782313
54.269410430839
54.74557823129252
55.22780045351474
55.71392290249433
55.94408163265306
56.187664399092974
56.66401360544218
57.1497052154195
57.62746031746032
58.10879818594104
58.349659863945575
58.58070294784581
58.82390022675737
59.06678004535147
59.544444444444444
59.78836734693878
60.02947845804989
60.27215419501134
60.50530612244898
60.62312925170068
60.74219954648526
60.86639455782313
60.991292517006805
61.342562358276645
61.47104308390023
61.71487528344671
61.94750566893424
62.19149659863945
62.422063492063494
62.909410430839
63.38718820861678
63.6331746031746
63.86888888888889
64.34356009070295
64.46625850340136
64.58281179138322
64.82637188208616
65.30251700680272
65.78911564625851
66.14678004535148
66.2645351473923
66.62965986394558
66.75092970521541
66.98904761904762
67.22963718820861
67.46165532879819
67.70807256235828
67.95097505668934
68.18077097505669
68.30963718820861
68.42448979591836
68.66798185941043
68.90319727891156
69.02750566893424
69.14641723356009
69.50816326530612
69.63049886621314
69.9807029478458
70.10634920634921
70.46902494331066
70.59122448979592
70.83113378684807
71.06510204081633
71.30421768707482
71.54766439909297
71.7901814058957
72.02294784580499
72.14226757369615
72.26659863945578
72.38353741496599
72.50943310657597
72.74349206349207
72.98675736961451
73.34934240362811
73.47015873015873
73.82263038548753
73.94038548752835
74.31102040816326
74.42757369614513
74.67104308390023
74.90469387755103
75.1466439909297
75.38968253968254
75.62793650793651
75.86551020408163
75.9841723356009
76.10759637188208
76.34718820861679
76.58662131519274
76.70292517006803
76.83081632653061
77.19131519274376
77.30764172335601
77.66528344671202
77.78195011337868
78.14555555555556
78.26965986394558
78.51210884353742
78.98605442176871
79.2304761904762
79.4685941043084
79.5834693877551
79.70131519274376
79.82600907029479
80.06605442176871
80.1869387755102
80.66136054421769
82.93700680272109
85.48324263038549
86.44551020408163
87.40448979591837
87.87512471655329
88.35403628117913
88.60510204081632
88.83913832199546
89.0738775510204
89.32487528344672
89.55768707482993
90.03210884353742
90.7640589569161
90.99448979591837
91.23861678004535
91.47380952380952
91.7165306122449
92.1922902494331
92.67975056689342
92.91063492063492
93.40097505668935
93.87383219954648
94.120589569161
94.59927437641723
94.83004535147393
95.0807709750567
95.55784580498866
96.03537414965986
96.27902494331066
96.51473922902494
96.75385487528345
97.00283446712018
97.24156462585034
97.47174603174604
97.71136054421768
98.43936507936507
98.6709977324263
98.91482993197279
99.86671201814059
100.34680272108844
101.30448979591837
102.2688888888889
102.75149659863946
102.98875283446712
103.70886621315192
104.18596371882086
105.14814058956917
106.10902494331066
106.58947845804988
107.06378684807257
107.54977324263038
108.02725623582766
108.98002267573696
109.94514739229025
110.66643990929705
110.9075963718821
111.38936507936508
111.86891156462585
112.59428571428572
112.83136054421769
113.78596371882087
115.22467120181406
115.70911564625851
115.94730158730158
116.18607709750567
116.42206349206349
116.54680272108844
116.67040816326531
116.91006802721088
117.14850340136054
117.38412698412698
117.6280045351474
117.87160997732427
118.10319727891157
118.34655328798186
118.46353741496598
118.58979591836734
118.94430839002267
119.06870748299319
119.31353741496599
119.54882086167801
119.78934240362811
120.02031746031746
120.14682539682539
120.26240362811791
120.38179138321995
120.50839002267574
120.98732426303854
121.22825396825397
121.46920634920635
121.94573696145125
122.18879818594104
122.42816326530613
122.90789115646258
123.3869387755102
123.86442176870749
124.22390022675737
124.3485260770975
124.58546485260771
124.82684807256236
125.06854875283447
125.30975056689343
125.54902494331066
125.78138321995465
125.9033560090703
126.02321995464852
126.14650793650793
126.26691609977324
126.62600907029478
126.74702947845805
126.98827664399093
127.22886621315193
127.70628117913832
128.18943310657596
128.67303854875283
128.9087074829932
129.14603174603175
129.5064172335601
129.62115646258502
129.86469387755102
129.98356009070295
130.1078231292517
130.58435374149659
131.0696598639456
131.30700680272108
131.54637188208616
131.90943310657596
132.0282993197279
132.27097505668934
132.50907029478458
132.7445804988662
132.98798185941044
133.2322902494331
133.46331065759637
133.7066439909297
133.82365079365078
133.94995464852607
134.18580498866214
134.30469387755102
134.42861678004536
134.67358276643992
134.90673469387755
135.15004535147392
135.3809297052154
135.86861678004536
136.35526077097506
136.58643990929704
136.82954648526078
137.30605442176872
137.5522902494331
137.78702947845804
138.26755102040818
138.74795918367346
138.99165532879817
139.22224489795917
139.46755102040817
139.5840589569161
139.70857142857142
139.94569160997733
140.18786848072563
140.42802721088435
140.66950113378684
140.90902494331067
141.14072562358277
141.265873015873
141.3765759637188
141.50961451247164
141.62748299319728
141.9849433106576
142.1071201814059
142.35507936507938
142.58893424036282
142.82866213151928
143.0644671201814
143.4264172335601
143.54925170068026
144.0292970521542
144.26233560090702
144.5064172335601
144.86832199546484
144.98106575963718
145.22489795918366
145.46802721088434
145.94444444444446
146.30716553287982
146.43063492063493
146.7808163265306
146.90607709750566
147.27113378684808
147.38843537414965
147.62918367346938
147.8627664399093
148.10408163265305
148.34759637188208
148.59031746031746
148.82297052154195
148.9418820861678
149.06698412698412
149.31004535147392
149.5434693877551
149.66564625850341
149.7885941043084
150.1492290249433
150.26909297052154
150.6225396825397
150.7401814058957
151.1094784580499
151.2279365079365
151.47140589569162
151.94664399092972
152.18950113378685
152.42995464852606
152.6654648526077
152.78510204081633
152.90285714285713
153.02605442176872
153.1490702947846
153.38614512471656
153.62814058956917
153.99204081632652
154.10698412698412
154.46519274376416
154.5819501133787
154.94965986394558
155.0697052154195
155.31174603174603
155.54925170068026
155.78757369614513
156.0309977324263
156.2675963718821
156.50136054421768
156.62639455782312
156.74231292517007
156.98591836734693
157.34532879818593
157.4649433106576
157.8305215419501
157.94904761904763
158.30655328798187
158.42451247165533
158.78596371882085
158.91036281179137
159.15204081632652
159.39537414965986
159.62430839002266
159.86721088435374
160.22755102040816
160.34054421768707
160.46868480725624
160.82832199546485
