0.00893424036281179
1.2512471655328798
3.0874829931972787
3.59562358276644
4.849818594104309
5.07922902494331
5.314761904761904
6.278027210884353
6.518480725623583
7.236349206349207
7.472834467120181
7.96297052154195
8.915986394557823
9.155215419501134
9.635374149659864
10.120022675736962
10.352267573696144
10.598072562358277
11.079818594104308
11.313560090702948
11.55326530612245
12.035532879818595
12.525419501133786
12.7581179138322
12.988798185941043
13.476734693877551
13.720612244897959
13.956757369614513
14.191292517006802
14.914716553287981
15.155056689342404
15.394625850340136
15.879206349206349
16.833786848072563
17.07421768707483
17.31907029478458
17.564807256235827
17.79691609977324
18.025827664399092
18.757392290249435
18.98984126984127
19.230975056689342
20.43609977324263
20.67154195011338
21.154126984126986
21.632879818594105
21.870022675736962
23.065850340136056
23.5537641723356
24.511768707482993
24.999274376417233
25.47408163265306
26.433990929705214
26.673764172335602
26.90968253968254
27.397256235827665
28.343038548752833
29.313605442176872
29.55392290249433
30.509297052154196
30.751473922902495
31.238253968253968
31.954580498866214
33.15052154195011
33.39528344671202
34.10875283446712
34.35201814058957
34.582244897959185
34.82605442176871
35.07367346938776
35.547165532879816
36.0318820861678
36.26521541950113
36.510498866213155
36.98721088435374
37.23145124716553
37.948299319727894
38.310975056689344
38.424195011337865
38.91335600907029
39.151315192743766
39.3891156462585
39.87528344671202
40.58360544217687
40.83145124716553
41.06984126984127
41.549455782312926
41.790566893424035
42.02541950113379
42.26863945578231
42.51133786848072
43.70920634920635
43.95238095238095
44.67040816326531
44.90916099773243
45.63362811791383
46.108004535147394
47.0768253968254
47.552562358276646
48.27154195011338
48.51206349206349
48.746303854875286
49.46716553287982
49.70875283446712
49.94294784580499
50.1972335600907
50.43043083900227
50.909138321995464
51.3918820861678
51.62780045351474
53.30696145124717
53.786916099773244
54.268820861678
56.19401360544218
57.38390022675737
57.626349206349204
57.87195011337869
58.11528344671202
58.591746031746034
59.06854875283447
59.30832199546485
59.545192743764176
59.78861678004535
60.03104308390023
60.27176870748299
60.993854875283446
61.46961451247166
61.950589569161
62.92095238095238
63.62909297052154
63.8718820861678
64.10639455782312
64.82587301587301
65.06931972789116
65.30149659863946
65.55634920634921
65.79233560090702
66.1492970521542
66.26614512471656
66.75437641723356
66.98578231292517
67.71231292517007
67.94879818594104
68.308820861678
68.6691156462585
69.14442176870749
69.38866213151927
69.63349206349206
69.991179138322
70.11147392290249
70.5952380952381
70.83700680272109
71.30340136054421
71.55018140589569
71.79172335600907
72.26886621315192
72.51108843537415
72.74984126984127
72.98709750566893
73.2339455782313
73.47514739229025
73.8236507936508
73.9540589569161
74.3132879818594
74.43133786848072
74.66977324263038
75.14668934240363
75.39079365079365
75.6325850340136
75.98458049886621
76.34730158730159
76.82852607709751
77.07219954648527
77.31526077097506
77.66609977324264
77.78428571428572
78.27274376417233
78.51040816326531
78.98732426303854
79.23235827664399
79.46709750566893
79.82643990929705
80.06832199546486
80.18759637188208
80.42945578231293
81.46671201814058
83.2553514739229
85.71909297052154
86.4420634920635
86.91857142857143
87.14954648526077
87.39503401360544
87.87653061224489
88.11517006802721
88.35666666666667
88.83879818594104
89.07986394557823
89.55909297052155
89.79612244897959
90.28045351473924
90.7578231292517
90.99501133786848
91.71374149659864
91.95551020408163
92.19106575963718
94.12637188208616
94.59496598639456
94.83537414965987
95.55684807256236
95.79292517006803
96.03353741496599
97.23818594104308
97.47356009070295
97.95777777777778
98.43462585034014
98.6687074829932
99.39891156462585
99.63149659863946
99.87281179138321
101.0745351473923
101.30893424036282
101.79367346938776
102.27519274376417
102.51560090702948
103.23426303854875
103.70730158730159
104.91503401360544
105.14877551020408
106.11315192743764
106.351179138322
107.07571428571428
107.30938775510204
107.55013605442177
108.7566439909297
108.98861678004535
109.4775283446712
109.95412698412699
110.18814058956916
111.15909297052154
111.39181405895691
111.87861678004535
112.59022675736962
112.8421768707483
113.5565306122449
113.79498866213152
114.75031746031746
114.99192743764172
115.22453514739229
115.47004535147393
115.7146485260771
116.18927437641723
116.67070294784581
116.90820861678004
117.38609977324263
117.62802721088435
117.87138321995465
118.58997732426303
118.94385487528345
119.0666439909297
119.55548752834467
119.79120181405895
120.0304761904762
120.51614512471656
121.22607709750567
121.47104308390023
121.70705215419501
121.94716553287982
122.42995464852608
122.6666439909297
122.90938775510205
123.14888888888889
123.87557823129252
124.3497052154195
124.59553287981859
125.30918367346939
125.54927437641723
126.74240362811791
127.22945578231293
128.193537414966
128.90378684807257
129.14925170068028
129.38916099773243
129.86689342403628
130.10836734693876
130.35260770975057
130.58709750566894
130.82834467120182
131.07278911564626
131.55455782312924
132.02947845804988
132.2707029478458
132.74700680272107
132.98786848072564
133.23276643990928
133.7118367346939
133.9499319727891
134.30455782312924
134.42709750566894
134.91496598639455
137.06784580498865
137.7925850340136
138.02777777777777
138.26739229024943
138.75707482993198
139.23342403628118
139.71009070294784
139.94748299319727
140.18759637188208
140.42986394557823
140.6727664399093
140.90897959183673
141.62725623582767
142.10709750566895
142.5891156462585
143.07451247165534
143.5546485260771
144.26265306122448
144.50832199546485
144.75024943310657
145.4682993197279
145.7121088435374
145.9442857142857
146.18938775510205
146.4334693877551
146.78655328798186
146.9092970521542
147.2705215419501
147.39396825396827
147.62934240362813
148.10458049886623
148.3490476190476
148.58732426303854
149.30997732426303
149.78680272108843
150.033537414966
150.2755328798186
150.62517006802722
150.75031746031746
151.23154195011338
151.94598639455782
152.19104308390024
152.4310657596372
152.91208616780045
153.1502267573696
153.387052154195
153.62702947845804
153.86666666666667
154.11272108843536
154.46614512471655
154.59403628117914
155.07213151927436
155.30773242630386
155.79272108843537
156.0325396825397
156.2677097505669
156.627052154195
156.98646258503402
157.462947845805
157.7081859410431
157.95566893424035
158.30902494331065
158.43165532879817
158.91297052154195
159.1529931972789
159.6220634920635
159.87235827664398
160.10736961451246
160.468820861678
160.8287074829932
161.0704081632653
