0.030498866213151926
3.875532879818594
7.719818594104308
11.550340136054421
15.392222222222221
19.235714285714284
23.07734693877551
26.917891156462584
30.75278911564626
34.59603174603175
38.44145124716553
42.27260770975057
46.112267573696144
49.9562358276644
61.47240362811792
65.31662131519275
66.14927437641724
66.277052154195
66.98965986394558
67.23072562358277
69.16108843537415
69.99242630385487
70.11072562358277
70.83301587301587
71.07303854875283
73.71340136054421
73.82544217687075
73.95190476190476
74.9159410430839
77.6681179138322
77.79630385487529
78.51691609977324
78.75519274376417
79.71448979591837
80.67637188208617
84.51895691609977
92.19009070294784
96.03514739229026
99.8790022675737
103.71038548752834
107.55181405895692
111.39569160997732
115.24065759637188
119.07283446712019
122.91276643990929
126.75603174603175
130.60104308390024
134.4328344671202
138.27244897959184
142.11616780045352
145.9613378684807
146.78510204081633
146.9101133786848
147.63049886621314
147.87328798185942
150.62680272108844
150.75394557823128
151.47367346938776
151.71562358276643
154.4678231292517
154.59503401360544
155.30786848072563
155.55160997732426
157.476462585034
158.3102947845805
158.43591836734694
159.15267573696144
159.390589569161
160.35489795918366
