0.05684807256235828
4.1329024943310655
4.857664399092971
7.366916099773243
17.16965986394558
21.147709750566893
28.913968253968253
29.406530612244897
29.516666666666666
29.882857142857144
30.125555555555554
30.367369614512473
30.470907029478457
30.845328798185943
31.33061224489796
31.435034013605442
31.8081179138322
32.04362811791383
32.28507936507936
32.38696145124717
32.7649433106576
33.24852607709751
33.34843537414966
33.72442176870749
33.96798185941043
34.20269841269841
34.31301587301587
34.68775510204082
35.16575963718821
35.27759637188208
35.64297052154195
35.884580498866214
36.12750566893424
36.229455782312925
36.60442176870748
36.849433106575965
36.968231292517004
37.09111111111111
37.196167800453516
37.33487528344671
37.45131519274376
37.56716553287982
37.806938775510204
37.936303854875284
38.04439909297052
38.28945578231293
38.41312925170068
38.52907029478458
38.648480725623585
38.77428571428572
38.89056689342404
39.007709750566896
39.116621315192745
39.24984126984127
39.36938775510204
39.48392290249433
39.72702947845805
39.85340136054422
39.96315192743764
40.07231292517007
40.215646258503405
40.330589569161
40.44680272108844
40.571678004535144
40.64591836734694
40.80730158730159
40.92589569160998
41.037301587301585
41.171678004535146
41.29102040816326
41.40748299319728
41.537142857142854
41.6444671201814
41.778344671201815
41.886485260770975
41.98866213151928
42.05798185941043
42.12990929705215
42.25476190476191
42.364603174603175
42.48929705215419
42.61197278911565
42.73136054421769
42.850430839002264
42.9615873015873
43.090544217687075
43.21034013605442
43.32598639455782
43.568775510204084
43.69596371882086
43.80362811791383
43.91287981859411
44.05303854875284
44.170476190476194
44.28557823129252
44.44866213151928
44.53215419501134
44.6490022675737
44.76748299319728
44.869727891156465
45.00757369614512
45.135396825396825
45.243809523809524
45.48578231292517
45.7278231292517
45.833174603174605
45.97199546485261
46.205736961451244
46.33249433106576
46.450385487528344
46.57421768707483
46.69133786848072
46.7937641723356
46.934761904761906
47.16816326530612
47.404489795918366
47.64580498866213
47.88879818594104
48.01421768707483
48.12560090702948
48.29344671201814
48.37199546485261
48.49122448979592
48.609206349206346
48.71426303854875
48.8524716553288
48.97666666666667
49.08478458049887
49.32829931972789
49.563219954648524
49.813106575963715
50.04814058956916
50.290725623582766
50.41086167800454
50.526643990929706
50.63045351473923
50.77077097505669
51.00489795918367
51.24487528344671
51.48827664399093
51.73068027210884
51.858820861678005
51.96517006802721
52.209750566893426
52.32879818594105
52.45145124716553
52.55303854875284
52.695192743764174
52.92743764172336
53.16641723356009
53.404875283446714
53.64873015873016
53.888888888888886
54.132222222222225
54.24873015873016
54.36834467120181
54.47342403628118
54.60968253968254
54.84419501133787
55.08707482993197
55.32496598639456
55.43104308390023
55.57278911564626
55.80680272108844
56.050657596371884
56.21272108843537
56.286802721088435
56.397460317460315
56.52956916099773
56.65170068027211
56.767097505668936
57.0043537414966
57.1387074829932
57.247074829931975
57.48925170068027
57.724444444444444
57.848231292517006
57.972086167800455
58.09326530612245
58.21027210884354
58.310975056689344
58.45208616780045
58.685963718820865
58.86011337868481
58.928979591836736
59.16358276643991
59.41789115646259
59.52637188208617
59.64850340136054
59.89367346938776
60.00904761904762
60.126507936507934
60.3690022675737
60.4859410430839
60.60768707482993
60.727936507936505
60.84664399092971
61.08927437641724
61.331927437641724
61.45657596371882
61.566213151927435
61.81122448979592
61.93303854875283
62.04310657596372
62.29290249433107
62.40319727891156
62.530521541950115
62.76319727891156
63.00643990929705
63.24868480725623
63.486485260770976
63.73424036281179
63.84997732426304
63.968979591836735
64.2121768707483
64.32857142857142
64.44746031746031
64.56902494331065
64.68761904761905
64.92510204081633
65.17512471655328
65.4087074829932
65.65061224489796
65.88526077097505
66.13210884353741
66.24467120181406
66.37002267573696
66.60482993197279
66.84834467120182
67.08736961451247
67.32451247165532
67.56619047619047
67.68736961451248
67.80192743764172
68.04507936507936
68.16648526077097
68.28714285714285
68.52786848072563
68.6466439909297
68.76396825396826
69.00557823129252
69.128231292517
69.24215419501134
69.48392290249433
69.61049886621315
69.72734693877551
69.96458049886621
70.08723356009071
70.20399092970521
70.44655328798186
70.57024943310658
70.68433106575964
70.92773242630385
71.04575963718821
71.16639455782312
71.33310657596373
71.53052154195011
71.64925170068027
71.81133786848072
71.8908843537415
72.00526077097506
72.13038548752834
72.24716553287982
72.36507936507937
72.49079365079365
72.60916099773243
72.77578231292517
72.96804988662132
73.08843537414965
73.32530612244898
73.44809523809523
73.56090702947846
73.8012925170068
73.92993197278912
74.0459410430839
74.28131519274376
74.40648526077098
74.52222222222223
74.76226757369615
74.88943310657596
75.00126984126985
75.2430612244898
75.48702947845806
75.7243537414966
75.84736961451247
75.96149659863946
76.08607709750567
76.20573696145125
76.44596371882086
76.68274376417233
76.81165532879818
76.92517006802721
77.04231292517007
77.16628117913832
77.40224489795918
77.64532879818594
77.76448979591837
77.88446712018141
78.00566893424036
78.12267573696145
78.24902494331066
78.36566893424036
78.48564625850341
78.60707482993197
78.73043083900227
78.84124716553288
79.0848752834467
79.32800453514739
79.56219954648526
79.69013605442177
79.8043537414966
79.9221768707483
80.0477097505669
80.28215419501134
80.52453514739229
80.64839002267574
80.76587301587301
80.88507936507936
81.0021768707483
81.24448979591837
81.48727891156463
81.60569160997733
81.7208843537415
81.84761904761905
81.96455782312925
82.08532879818594
82.208820861678
82.32566893424037
82.44269841269842
82.56968253968255
82.6838775510204
82.92777777777778
83.07551020408164
83.16655328798186
83.4041723356009
83.52798185941043
83.64657596371882
83.7641723356009
83.88238095238096
84.12383219954648
84.36684807256236
84.48839002267573
84.60113378684807
84.72721088435374
84.8437641723356
85.08716553287982
85.32294784580499
85.44850340136054
85.56326530612245
85.6847619047619
85.80691609977325
85.92453514739229
86.0450566893424
86.16818594104308
86.28380952380952
86.4115873015873
86.52655328798186
86.76283446712019
87.00324263038549
87.24648526077098
87.36725623582767
87.4821768707483
87.60668934240363
87.72399092970521
87.96666666666667
88.20224489795919
88.32843537414966
88.44272108843538
88.56759637188209
88.68637188208616
88.92195011337868
89.16324263038548
89.28848072562359
89.40628117913832
89.52952380952381
89.64587301587302
89.76696145124717
89.88340136054421
90.0098185941043
90.12614512471656
90.24845804988662
90.3612925170068
90.49569160997733
90.60317460317461
90.84648526077098
91.08596371882086
91.20698412698412
91.32185941043083
91.44777777777777
91.56605442176871
91.70575963718821
91.8064172335601
92.04242630385488
92.16888888888889
92.28521541950113
92.40371882086168
92.52648526077097
92.76238095238095
93.00548752834467
93.12814058956916
93.24539682539682
93.36591836734694
93.48297052154194
93.60884353741497
93.72589569160998
93.8462358276644
93.96786848072563
94.09106575963719
94.20131519274376
94.33587301587302
94.44519274376417
94.68793650793651
94.81530612244897
94.92215419501134
95.0487074829932
95.16433106575964
95.28344671201815
95.40789115646258
95.64213151927437
95.8847619047619
96.00943310657597
96.1256462585034
96.24578231292517
96.36249433106576
96.51004535147392
96.60453514739228
96.73160997732427
96.84750566893425
96.96730158730159
97.0808843537415
97.20818594104308
97.32469387755103
97.44646258503401
97.56884353741496
97.6862358276644
97.80251700680272
97.92911564625851
98.04396825396826
98.28777777777778
98.52687074829932
98.76433106575963
98.88843537414967
99.00702947845805
99.12485260770976
99.2425850340136
99.48387755102041
99.61124716553287
99.72718820861678
99.85022675736961
99.9619954648526
100.08804988662132
100.20396825396826
100.44707482993198
100.57428571428571
100.68308390022676
100.80854875283447
100.92278911564625
101.04775510204081
101.16712018140589
101.2867573696145
101.4058276643991
101.5285941043084
101.64403628117914
101.77102040816327
101.8868253968254
102.01337868480725
102.12224489795918
102.36419501133787
102.60671201814058
102.72995464852607
102.84195011337869
102.96730158730159
103.08492063492064
103.32725623582766
103.45321995464853
103.56471655328798
103.68548752834467
103.7992970521542
103.93106575963719
104.0465306122449
104.2865306122449
104.52458049886621
104.64868480725623
104.76392290249433
104.88750566893424
105.00784580498866
105.12755102040816
105.24448979591837
105.37024943310658
105.48687074829932
105.60861678004535
105.72632653061224
112.30485260770975
117.94083900226758
120.64721088435374
120.99775510204081
121.08861678004536
121.33333333333333
121.56639455782313
121.81018140589569
121.92598639455782
122.05115646258503
122.16836734693878
122.28596371882087
122.52929705215419
122.77215419501134
122.90410430839002
123.00648526077097
123.25448979591837
123.37267573696145
123.48371882086168
123.73580498866212
123.84312925170067
123.97201814058957
124.20374149659864
124.44596371882086
124.68857142857142
124.92492063492064
125.17478458049887
125.29126984126984
125.40895691609977
125.65258503401361
125.76836734693877
125.8890022675737
126.00861678004536
126.12659863945578
126.36589569160998
126.8484126984127
127.09063492063493
127.32541950113378
127.57367346938776
127.68467120181406
127.81195011337869
128.04471655328797
128.28854875283446
128.52673469387756
128.76414965986393
129.00562358276645
129.12759637188208
129.24224489795918
129.48551020408163
129.60755102040815
129.72687074829932
129.96786848072563
130.08698412698413
130.20426303854876
130.44709750566892
130.56902494331067
130.68238095238095
130.9234693877551
131.0504081632653
131.1671201814059
131.40455782312924
131.52709750566893
131.6441723356009
131.88632653061225
132.00571428571428
132.1262358276644
132.36895691609976
132.60596371882087
132.85453514739228
132.96816326530612
133.08784580498866
133.3279365079365
133.44562358276644
133.57231292517008
133.68750566893425
133.80539682539683
133.9309523809524
134.05
134.2898185941043
134.40852607709752
134.5243537414966
134.76503401360543
134.88850340136054
135.00072562358275
135.24136054421768
135.3698866213152
135.48600907029478
135.7215873015873
135.846462585034
135.96224489795918
136.20219954648525
136.32900226757369
136.4468934240363
136.68403628117915
136.92634920634922
137.1694784580499
137.28714285714287
137.52938775510205
137.6468707482993
137.88925170068026
138.12226757369615
138.2519954648526
138.36523809523808
138.4855328798186
138.60761904761904
138.84444444444443
139.08532879818594
139.20528344671203
139.32498866213152
139.44562358276644
139.5629931972789
139.68963718820862
139.80562358276643
139.92548752834466
140.04730158730158
140.17004535147393
140.28131519274376
140.5248752834467
140.76804988662133
141.0024716553288
141.12997732426305
141.24437641723355
141.36226757369616
141.48609977324264
141.72201814058957
141.964693877551
142.08743764172337
142.20528344671203
142.32496598639455
142.44215419501134
142.68424036281178
142.92736961451246
143.04591836734693
143.1613605442177
143.28761904761905
143.40444444444444
143.5239909297052
143.64913832199545
143.76589569160998
143.88226757369614
144.01034013605442
144.1237641723356
144.36768707482995
144.50090702947847
144.60725623582766
144.84408163265306
144.9718140589569
145.08673469387756
145.20419501133787
145.32256235827666
145.56378684807257
145.80684807256236
145.92734693877551
146.0407029478458
146.16730158730158
146.2836507936508
146.52721088435374
146.76265306122448
146.888820861678
147.00319727891156
147.12598639455783
147.24698412698413
147.3650566893424
147.48371882086167
147.60809523809525
147.72383219954648
147.85072562358278
147.96655328798187
148.20249433106576
148.44340136054421
148.68639455782312
148.80596371882086
148.92215419501133
149.04646258503402
149.16385487528345
149.40666666666667
149.64242630385488
149.76854875283448
149.88231292517005
150.0070068027211
150.12639455782312
150.36303854875283
150.6032426303855
150.72938775510204
150.8461224489796
150.96879818594104
151.08614512471655
151.20689342403628
151.32374149659864
151.44965986394558
151.5661678004535
151.68505668934242
151.80165532879818
152.04353741496598
152.2864172335601
152.52485260770976
152.64718820861677
152.76120181405895
152.88888888888889
153.0061678004535
153.2474603174603
153.3756462585034
153.48283446712017
153.61074829931974
153.72530612244898
153.84385487528345
153.9664172335601
154.2025170068027
154.44544217687076
154.56498866213153
154.6854195011338
154.80609977324264
154.92265306122448
155.05045351473922
155.16609977324262
155.28619047619048
155.4079365079365
155.53079365079364
155.64126984126983
155.77578231292517
155.88498866213152
156.1281179138322
156.25498866213152
156.3624036281179
156.48934240362811
156.60437641723357
156.72351473922902
156.84750566893425
156.9869387755102
157.0819501133787
157.21519274376416
157.32464852607708
157.44925170068026
157.5655328798186
157.6861224489796
157.802358276644
158.0444671201814
158.2874149659864
158.40666666666667
158.5211111111111
158.6482993197279
158.7648299319728
158.88526077097507
159.00907029478458
159.1264172335601
159.24242630385487
159.36959183673468
159.48392290249433
159.72757369614513
159.83419501133787
159.96727891156462
160.20426303854876
160.32990929705215
160.44664399092972
160.5646485260771
160.68285714285713
160.92403628117913
161.167052154195
161.29061224489797
161.4016553287982
161.5284126984127
161.64369614512472
161.88718820861678
162.0139455782313
162.12231292517006
162.24990929705214
162.36319727891157
162.48739229024943
162.607052154195
162.72548752834467
162.84471655328798
162.9680725623583
163.08421768707484
163.21
163.3266439909297
163.4548752834467
163.5620634920635
163.8043537414966
163.9336507936508
164.04666666666665
164.1684126984127
164.28208616780046
164.40736961451248
164.52424036281178
164.76684807256237
164.8909977324263
165.0052380952381
165.1260544217687
165.24065759637188
165.36827664399092
165.4866439909297
165.72909297052155
165.96430839002267
166.08557823129252
166.32827664399093
166.56571428571428
166.68616780045352
166.80913832199548
166.9265306122449
167.1671201814059
167.64149659863946
168.1297052154195
168.61034013605442
169.09002267573698
169.18863945578232
169.30251700680273
169.80621315192744
170.0485941043084
170.28598639455782
170.52748299319728
171.00573696145125
171.08297052154194
171.4885941043084
171.56809523809522
171.80825396825398
171.96662131519275
172.06083900226758
172.44739229024944
172.92861678004536
173.64816326530612
173.88668934240363
174.12632653061223
174.3685941043084
174.8446485260771
175.32689342403629
175.80732426303854
176.28587301587302
176.3871655328798
176.767641723356
177.40698412698413
177.48628117913833
177.72666666666666
177.9674603174603
178.0802494331066
178.2102947845805
178.6866439909297
179.16741496598638
179.24748299319728
179.64789115646258
179.73392290249433
180.1273469387755
180.60551020408164
180.73356009070295
181.3243537414966
181.56743764172336
181.80786848072563
181.92503401360545
182.04888888888888
183.66333333333333
185.64684807256236
185.81174603174603
185.95263038548754
186.02716553287982
186.12902494331067
186.2189342403628
186.3721088435374
186.54056689342403
186.84748299319727
187.09312925170067
187.21156462585034
187.4024716553288
187.56839002267574
187.81174603174603
188.05133786848072
188.28934240362813
188.387641723356
188.53222222222223
189.00897959183675
189.25126984126985
