0.07172335600907029
0.1417687074829932
1.8372789115646257
2.9745804988662132
3.82546485260771
4.050498866213152
4.139637188208617
4.413197278911564
4.625759637188208
4.860702947845805
5.754807256235828
5.9399773242630385
7.080748299319728
7.374943310657597
7.441541950113379
8.191678004535147
10.291020408163265
10.484648526077098
11.820045351473922
13.185351473922902
13.549478458049887
16.377891156462585
19.39936507936508
20.306825396825396
20.700204081632652
21.54503401360544
22.56532879818594
22.71746031746032
23.693786848072563
24.60734693877551
25.168095238095237
27.502607709750567
28.413832199546484
28.918639455782312
29.415034013605442
29.891315192743765
30.127006802721088
30.369251700680273
30.848208616780045
31.332789115646257
31.808344671201812
32.051746031746035
32.28770975056689
32.77183673469388
33.25086167800453
33.72587301587301
33.96827664399093
34.21111111111111
34.688548752834464
35.174784580498866
35.65086167800454
35.88984126984127
36.12839002267574
36.61219954648526
36.855714285714285
36.97494331065759
37.09224489795918
37.212108843537415
37.33494331065759
37.4587074829932
37.56734693877551
37.697709750566894
37.8108843537415
37.94070294784581
38.05140589569161
38.174195011337865
38.29251700680272
38.416009070294784
38.53079365079365
38.651383219954646
38.77503401360544
38.892857142857146
39.01482993197279
39.13814058956916
39.25249433106576
39.37854875283447
39.48936507936508
39.625510204081635
39.72789115646258
39.86108843537415
39.970725623582766
40.098616780045354
40.215873015873015
40.33174603174603
40.44820861678004
40.5746485260771
40.69260770975057
40.81351473922903
40.93387755102041
41.0512925170068
41.17766439909297
41.2975283446712
41.41006802721088
41.54038548752835
41.652743764172335
41.783038548752835
41.88825396825397
42.01990929705215
42.13174603174603
42.2581179138322
42.37301587301587
42.49208616780045
42.61716553287982
42.73503401360544
42.85156462585034
42.97766439909297
43.09419501133787
43.218390022675734
43.32666666666667
43.56979591836735
43.70031746031746
43.812222222222225
43.93918367346939
44.05766439909297
44.17469387755102
44.290997732426305
44.77448979591837
45.25342403628118
45.49281179138322
45.72897959183673
45.977936507936505
46.20798185941043
46.369297052154195
46.613242630385486
47.16646258503401
47.41328798185941
47.65222222222222
48.099501133786845
48.36780045351474
49.090226757369614
49.253786848072565
49.32818594104308
49.57197278911565
50.049297052154195
50.29936507936508
50.53750566893424
50.79952380952381
51.008798185941046
51.136167800453514
51.25244897959184
51.729115646258506
51.97267573696145
52.45426303854875
52.92111111111111
53.169342403628114
53.41210884353742
53.68791383219955
53.891678004535144
54.37342403628118
54.69321995464853
54.85201814058957
55.01614512471655
55.32641723356009
55.52587301587302
55.78204081632653
56.7702947845805
57.13963718820862
57.37201814058957
57.73417233560091
58.21727891156463
58.31
58.67768707482993
58.79097505668934
59.17859410430839
59.533854875283446
59.66167800453515
60.04356009070295
60.14458049886621
60.50043083900227
60.74111111111111
61.09893424036281
61.58371882086168
62.06002267573696
62.42061224489796
62.779705215419504
63.02319727891157
63.260566893424034
63.50283446712018
63.97893424036281
64.34589569160998
64.57773242630385
64.94138321995464
65.42471655328798
65.76519274376417
65.9028798185941
66.25927437641724
66.6241723356009
66.8625850340136
67.10006802721088
67.34167800453515
67.69732426303855
67.81759637188209
68.1809977324263
68.2981179138322
68.65684807256235
68.78160997732427
69.13569160997733
69.25551020408163
69.61798185941043
69.74249433106576
70.10124716553288
70.2134693877551
70.46009070294785
70.69764172335601
70.94582766439909
71.18260770975057
71.30473922902495
71.42267573696145
71.53888888888889
71.66414965986395
71.78215419501134
71.90498866213152
72.02185941043084
72.1424716553288
72.38367346938776
72.50174603174604
72.6269387755102
72.75004535147393
72.86022675736962
72.98054421768707
73.10414965986395
73.33823129251701
73.57947845804989
73.81739229024943
74.06068027210884
74.29424036281179
74.54319727891156
74.77773242630386
74.89628117913833
75.0119954648526
75.2641723356009
75.50417233560091
75.73893424036281
75.9804761904762
76.21852607709751
76.45877551020408
76.70043083900227
76.889410430839
77.18145124716553
77.42108843537414
77.65721088435374
77.89471655328798
78.14272108843538
78.61861678004536
78.8575283446712
79.10265306122449
79.34097505668935
79.58079365079365
79.70621315192744
79.81607709750567
80.05628117913832
80.30190476190477
80.53947845804989
80.77904761904762
81.01884353741497
81.12079365079364
81.2645351473923
81.4992290249433
81.58800453514739
81.74213151927438
81.9819954648526
82.05975056689343
82.21784580498866
82.46054421768707
82.69902494331066
82.93802721088436
83.18204081632653
83.42315192743764
83.65387755102041
83.90002267573696
84.14285714285714
84.37936507936507
84.62049886621315
84.86467120181406
84.94798185941043
85.01532879818595
85.09759637188209
85.341768707483
85.5837641723356
85.8212925170068
85.90857142857143
86.0592970521542
86.30108843537415
86.53337868480726
86.77968253968254
87.02458049886621
87.25916099773242
87.38764172335601
87.49891156462586
87.74195011337868
87.9771201814059
88.21936507936508
88.46478458049887
88.69548752834467
88.8146485260771
88.88691609977325
88.94156462585035
89.18573696145124
89.4192290249433
89.66108843537415
89.90374149659864
90.13879818594104
90.37129251700681
90.62310657596372
90.86287981859411
91.09934240362811
91.34333333333333
91.58038548752835
91.81823129251701
92.06115646258503
92.3
92.53331065759637
92.67163265306122
92.78070294784581
93.02383219954649
93.09414965986394
93.25657596371882
93.50136054421769
93.9785260770975
94.06691609977324
94.21208616780045
94.46201814058956
94.6995918367347
94.9422902494331
95.17226757369615
95.41836734693878
95.66111111111111
95.90024943310658
96.13984126984127
96.51444444444445
96.62068027210884
96.8621768707483
97.10009070294785
97.33800453514739
97.57836734693878
97.82303854875283
97.95462585034014
98.0531746031746
98.29816326530612
98.54170068027211
98.7831746031746
99.26063492063491
99.50086167800454
99.73750566893425
99.97954648526077
100.22591836734694
100.34006802721089
100.46303854875283
100.6997052154195
100.94061224489796
101.17539682539683
101.4164172335601
101.66142857142857
101.88897959183673
102.1398866213152
102.38412698412698
102.61950113378686
102.85725623582766
103.10145124716553
103.33791383219955
103.57893424036281
103.76208616780045
103.8246485260771
104.06136054421769
104.18943310657596
104.30063492063492
104.54185941043085
104.78136054421769
105.02122448979591
105.26403628117914
105.5007709750567
105.72541950113379
106.58907029478458
109.62814058956916
110.63192743764172
111.12290249433107
111.41083900226758
112.09934240362811
112.19517006802721
114.6974149659864
114.95519274376417
115.16310657596372
115.84519274376417
116.00521541950113
116.36238095238095
116.66199546485261
116.87392290249433
116.95498866213151
117.15904761904761
118.78251700680272
119.25628117913833
119.41596371882086
119.98496598639456
120.2340589569161
120.64530612244899
120.99301587301588
121.09766439909298
121.58015873015873
121.94156462585035
122.17897959183674
122.42092970521541
122.53986394557823
122.76442176870748
122.98034013605442
123.49798185941043
123.86678004535148
124.22167800453515
124.46448979591837
124.70283446712018
124.94167800453515
125.42020408163265
125.78621315192744
126.02072562358276
126.37630385487529
126.86287981859411
127.34251700680272
127.70108843537415
128.00691609977324
128.06242630385486
128.29823129251702
128.54403628117913
128.78274376417232
129.1432879818594
129.2615192743764
129.61938775510205
129.73680272108842
130.2211111111111
130.5784126984127
130.6958276643991
131.05190476190475
131.17521541950114
131.53975056689342
131.65786848072563
131.90403628117915
132.13641723356008
132.38278911564626
132.6221088435374
132.741768707483
132.86185941043084
132.98072562358277
133.10487528344672
133.22537414965987
133.342925170068
133.46337868480725
133.5862358276644
133.70115646258503
133.82399092970522
133.94043083900226
134.06324263038547
134.18560090702948
134.30233560090704
134.41984126984127
134.54390022675736
134.7775283446712
135.0196371882086
135.2573469387755
135.50086167800453
135.73430839002268
135.9830612244898
136.2202267573696
136.33555555555554
136.45333333333335
136.71290249433108
136.94120181405896
137.18417233560092
137.54442176870748
137.66827664399094
137.9065306122449
138.05972789115646
138.13718820861678
138.275873015873
138.37997732426305
138.75351473922902
138.8602494331066
139.09639455782312
139.3363492063492
139.5821088435374
139.81807256235828
140.05761904761906
140.14573696145123
140.291768707483
140.54056689342403
140.7814739229025
141.02267573696145
141.2527664399093
141.49621315192744
141.741768707483
141.9822448979592
142.2101814058957
142.4610657596372
142.61324263038549
142.69641723356008
142.93895691609978
143.00931972789115
143.18079365079365
143.4179365079365
143.65791383219954
143.90156462585034
143.9939909297052
144.13843537414965
144.3782993197279
144.62133786848074
144.86179138321995
144.9837641723356
145.3390702947846
145.5810657596372
145.81879818594103
146.05707482993196
146.29950113378686
146.39510204081634
146.46725623582768
146.53920634920635
146.7774149659864
146.84925170068027
147.0238775510204
147.26167800453516
147.35097505668935
147.4981859410431
147.7414739229025
147.8454195011338
147.9741723356009
148.22009070294786
148.46374149659863
148.69868480725623
148.9372335600907
149.18063492063493
149.41927437641723
149.65963718820862
149.90004535147392
150.13399092970522
150.27480725623582
150.38043083900226
150.6234240362812
150.8575963718821
151.0979365079365
151.16950113378684
151.34462585034012
151.57977324263038
151.81773242630385
152.0628798185941
152.30414965986395
152.54015873015874
153.02063492063493
153.11927437641722
153.25861678004534
153.50086167800453
153.70190476190476
153.97698412698412
154.05861678004536
154.1325396825397
154.22129251700682
154.46517006802722
154.69498866213152
154.94267573696146
155.41895691609977
155.5073469387755
155.65428571428572
155.90238095238095
156.14004535147393
156.38142857142856
156.50038548752835
156.61160997732426
156.85655328798185
157.10063492063492
157.34036281179138
157.57993197278913
157.902947845805
157.97136054421767
158.05655328798187
158.29945578231292
158.5413605442177
158.78326530612244
158.87897959183672
159.01891156462585
159.2614739229025
159.35854875283448
159.4910657596372
159.73839002267573
159.98092970521543
160.22315192743764
160.45650793650793
160.70002267573696
160.94020408163266
161.17739229024943
161.3400680272109
161.41834467120182
161.6598185941043
161.74596371882086
161.81412698412697
161.89721088435374
162.14308390022677
162.38444444444445
162.6181859410431
162.85789115646259
163.10115646258504
163.33414965986395
163.58009070294784
163.82383219954647
164.05965986394557
164.29707482993197
164.5417006802721
164.77700680272108
165.02136054421769
165.26167800453516
165.49324263038548
165.74097505668934
165.9849886621315
167.16585034013605
168.06054421768707
170.06390022675737
171.02120181405897
171.97818594104308
172.7390022675737
173.65571428571428
173.89145124716552
174.2961224489796
174.36981859410432
174.85503401360543
175.291768707483
175.64673469387756
176.2942403628118
176.78437641723357
177.73743764172335
177.84272108843538
178.16442176870748
178.34954648526076
178.6746485260771
178.8792970521542
179.404693877551
179.54102040816326
180.53725623582767
180.62809523809523
181.03984126984128
181.14591836734695
181.34551020408162
182.78678004535146
183.09510204081633
183.2458276643991
183.3311111111111
183.44530612244898
183.73290249433106
183.9787074829932
184.20557823129252
184.3738095238095
184.88024943310657
184.9717006802721
185.2059863945578
185.2909977324263
185.667052154195
186.38761904761904
186.86315192743766
186.96526077097505
187.10199546485262
187.41743764172335
187.57909297052154
187.8225170068027
188.3021088435374
188.54233560090702
189.018820861678
189.26190476190476
