0.06392290249433107
28.915419501133787
29.414625850340137
29.890589569160998
30.129115646258505
30.368820861678003
30.84950113378685
31.331836734693876
31.44253968253968
31.807732426303854
32.05090702947846
32.28981859410431
32.770884353741494
33.25179138321995
33.72657596371882
33.96786848072562
34.2107029478458
34.6875283446712
35.17378684807256
35.28612244897959
35.65027210884354
35.891927437641726
36.12780045351474
36.611836734693874
36.860952380952384
36.97757369614512
37.09142857142857
37.20868480725623
37.3381179138322
37.56734693877551
37.81040816326531
37.9462358276644
38.053492063492065
38.29707482993197
38.42011337868481
38.530589569160995
38.656349206349205
38.77854875283447
38.897074829931974
39.01580498866213
39.13367346938775
39.255260770975056
39.492222222222225
39.72854875283447
39.865102040816325
39.97090702947846
40.22065759637188
40.33648526077098
40.4475283446712
40.69800453514739
40.817142857142855
40.9334693877551
41.04725623582767
41.18124716553288
41.30319727891156
41.40990929705215
41.652471655328796
41.78705215419501
41.888344671201814
42.13553287981859
42.26070294784581
42.37265306122449
42.49700680272109
42.61938775510204
42.739410430839
42.85224489795918
43.09687074829932
43.21972789115646
43.32691609977324
43.56952380952381
43.70503401360544
43.813106575963715
44.06022675736961
44.17732426303855
44.2891156462585
44.45331065759637
44.53807256235827
44.65768707482993
44.776666666666664
45.01467120181406
45.143537414965984
45.25326530612245
45.48800453514739
45.7312925170068
45.9772335600907
46.2102947845805
46.338526077097505
46.456485260770975
46.58299319727891
46.6937641723356
46.94113378684807
47.169614512471654
47.41210884353742
47.65498866213152
47.89482993197279
48.13233560090703
48.379002267573696
48.6172335600907
48.856485260770974
48.984648526077095
49.088367346938774
49.329251700680274
49.57256235827664
49.81780045351474
50.04922902494331
50.298208616780045
50.42156462585034
50.53589569160998
50.777573696145126
51.01190476190476
51.251224489795916
51.493537414965985
51.73630385487528
51.97321995464853
52.21639455782313
52.45356009070295
52.70009070294785
52.92877551020408
53.17115646258503
53.415238095238095
53.65639455782313
53.89138321995465
54.139750566893426
54.37839002267574
54.61764172335601
54.851451247165535
55.08873015873016
55.33068027210884
55.577709750566896
55.80814058956916
56.05673469387755
56.2950566893424
56.535873015873015
56.77095238095238
57.01308390022676
57.254444444444445
57.496757369614514
57.7334693877551
57.857142857142854
57.97773242630385
58.21233560090703
58.45920634920635
58.68877551020408
58.93061224489796
59.17321995464852
59.42233560090703
59.54360544217687
59.656009070294786
59.900226757369616
60.13968253968254
60.3772335600907
60.49006802721088
60.61707482993197
60.73739229024943
60.85278911564626
61.10233560090703
61.33827664399093
61.57902494331066
61.82480725623583
62.0540589569161
62.300884353741495
62.41408163265306
62.54117913832199
62.77235827664399
63.01965986394558
63.251609977324264
63.49603174603175
63.74224489795918
63.98204081632653
64.21827664399093
64.32984126984127
64.46
64.57791383219954
64.69199546485261
64.93789115646258
65.1831746031746
65.42185941043084
65.65925170068027
65.8974149659864
66.14142857142858
66.24913832199546
66.38269841269842
66.61353741496599
66.86097505668934
67.09331065759638
67.33716553287982
67.57369614512471
67.69426303854875
67.81412698412699
68.05183673469388
68.17278911564625
68.29380952380953
68.53385487528345
68.65292517006803
68.77233560090703
69.01133786848072
69.13390022675738
69.25376417233561
69.49190476190476
69.61426303854876
69.73235827664399
69.97265306122449
70.0902947845805
70.21108843537415
70.44986394557823
70.69598639455782
70.9331746031746
71.17142857142858
71.23170068027211
71.34548752834468
71.46766439909297
71.58784580498866
71.82585034013606
71.94979591836734
72.06709750566894
73.32616780045352
73.45553287981859
73.57034013605443
73.63131519274377
73.80326530612246
73.93215419501134
74.04616780045352
74.10913832199546
74.29020408163265
74.41113378684807
74.52827664399094
74.58659863945579
74.76698412698413
74.89621315192744
75.0092970521542
75.25467120181406
75.4965306122449
75.7302947845805
75.85850340136055
75.96596371882086
76.08988662131519
76.21521541950113
76.46371882086167
76.69251700680272
76.8215873015873
76.92857142857143
77.05448979591837
77.16988662131519
77.41603174603175
77.65430839002268
77.7772335600907
77.8909977324263
78.0159410430839
78.13358276643991
78.25770975056689
78.37736961451247
78.49979591836734
78.60963718820862
78.74181405895692
78.84848072562359
79.09351473922902
79.34290249433107
79.57229024943311
79.69950113378685
79.8082993197279
79.93244897959184
80.05106575963718
80.29643990929705
80.5330612244898
80.66099773242631
80.770589569161
80.89637188208617
81.01249433106575
81.25766439909297
81.4928798185941
81.61673469387755
81.72732426303855
81.8485260770975
81.97546485260771
82.09972789115646
82.22283446712018
82.33981859410432
82.45263038548752
82.579410430839
82.68575963718821
82.9378231292517
83.18011337868481
83.41390022675736
83.5402947845805
83.65065759637189
83.7746485260771
83.89210884353741
84.13700680272109
84.369410430839
84.50147392290249
84.60868480725624
84.72843537414965
84.85374149659864
85.10068027210885
85.33138321995465
85.45734693877552
85.56789115646258
85.6924716553288
85.8152380952381
85.93687074829931
86.06124716553288
86.17845804988661
86.29433106575964
86.42049886621315
86.52786848072563
86.77061224489796
87.0178231292517
87.25455782312925
87.38006802721088
87.49027210884354
87.61310657596371
87.73498866213151
87.97936507936508
88.21024943310658
88.33748299319728
88.44700680272109
88.57310657596372
88.69659863945579
88.93555555555555
89.17351473922902
89.29768707482994
89.41063492063492
89.53814058956917
89.65233560090702
89.7779365079365
89.89666666666666
90.01920634920634
90.13739229024944
90.25988662131519
90.37049886621315
90.61424036281178
90.85498866213152
91.09004535147392
91.21675736961451
91.32702947845804
91.4524716553288
91.5772335600907
91.82294784580499
92.05263038548753
92.17804988662131
92.28866213151927
92.41662131519274
92.52981859410431
92.77637188208617
93.01530612244898
93.13755102040817
93.25185941043084
93.3743537414966
93.49371882086167
93.61675736961452
93.73961451247166
93.85965986394558
93.97666666666667
94.10160997732426
94.20770975056689
94.45492063492064
94.70272108843537
94.93292517006803
95.0579365079365
95.16736961451247
95.29507936507936
95.41909297052155
95.65630385487529
95.89401360544218
96.01997732426304
96.13038548752834
96.25539682539683
96.37326530612245
96.61795918367346
96.85718820861678
96.97689342403628
97.08780045351475
97.21195011337869
97.33628117913833
97.4565306122449
97.5824716553288
97.69920634920635
97.81278911564625
97.93780045351474
98.04557823129252
98.29630385487529
98.54115646258504
98.77460317460317
98.89748299319727
99.01054421768707
99.1365306122449
99.25244897959183
99.49664399092971
99.73691609977324
99.86054421768708
99.97043083900226
100.09528344671202
100.21439909297052
100.4609977324263
100.69149659863946
100.81848072562359
100.9270068027211
101.0552380952381
101.17988662131519
101.29668934240362
101.42512471655328
101.53922902494331
101.65496598639456
101.78108843537414
101.88975056689343
102.13126984126984
102.37804988662131
102.61650793650794
102.73990929705215
102.84766439909298
102.9730612244898
103.0962358276644
103.33532879818594
103.57213151927438
103.69634920634921
103.8052380952381
103.93827664399093
104.05297052154195
104.29789115646258
104.53628117913833
104.65746031746032
104.76743764172336
104.89702947845805
105.01566893424037
105.13707482993198
105.25977324263039
105.37959183673469
105.498820861678
120.99487528344672
121.09469387755102
121.339410430839
121.57918367346939
121.93140589569161
122.06308390022676
122.1752380952381
122.29226757369615
122.54079365079365
122.77764172335601
123.01972789115646
123.26179138321996
123.49609977324263
123.74356009070294
123.85480725623583
123.98439909297052
124.2141723356009
124.45922902494331
124.69244897959183
124.93879818594104
125.18049886621316
125.42247165532879
125.65766439909297
125.76979591836735
125.90097505668935
126.0169387755102
126.13235827664398
126.37510204081633
126.86185941043084
127.09721088435374
127.33839002267574
127.57993197278911
127.69027210884354
127.8236507936508
128.05163265306123
128.30145124716555
128.53374149659865
128.7694784580499
129.01331065759638
129.13453514739228
129.25385487528345
129.49256235827664
129.61290249433105
129.73272108843537
129.97410430839003
130.09310657596373
130.21684807256236
130.45285714285714
130.57399092970522
130.6945804988662
130.93126984126985
131.05462585034013
131.1705215419501
131.41131519274376
131.53090702947847
131.65043083900227
131.70689342403628
131.8922902494331
132.13430839002268
132.37600907029477
132.61290249433105
132.78666666666666
133.02975056689343
133.27172335600906
133.5099319727891
134.76614512471656
134.8956462585034
135.01024943310657
135.07213151927436
135.24392290249432
135.37226757369615
135.4861678004535
135.5484126984127
135.73056689342403
135.85131519274375
135.97090702947847
136.02596371882086
136.20657596371882
136.33562358276643
136.45038548752834
136.69478458049886
136.9366439909297
137.1750566893424
137.29977324263038
137.53639455782312
137.65795918367348
137.90131519274377
138.13242630385488
138.26514739229026
138.36804988662132
138.49600907029478
138.6132199546485
138.8567120181406
139.0943083900227
139.2173015873016
139.33113378684808
139.4564172335601
139.5732879818594
139.698820861678
139.8162358276644
139.93956916099773
140.0497052154195
140.18045351473924
140.28818594104308
140.53310657596373
140.78267573696147
141.0125170068027
141.14031746031745
141.24721088435373
141.3729931972789
141.488820861678
141.73650793650793
141.97374149659865
142.1007709750567
142.20920634920634
142.3346031746032
142.45201814058956
142.69083900226758
142.9345351473923
143.05666666666667
143.16850340136054
143.28850340136054
143.4145804988662
143.53861678004534
143.66292517006804
143.7793424036281
143.89251700680273
144.02024943310659
144.12528344671202
144.37925170068027
144.6201814058957
144.85410430839002
144.98179138321996
145.0902267573696
145.215306122449
145.33185941043084
145.577052154195
145.8112244897959
145.94049886621315
146.04807256235827
146.17145124716552
146.29371882086167
146.54111111111112
146.77136054421769
146.8982993197279
147.00741496598638
147.13192743764174
147.25725623582767
147.37768707482994
147.5006575963719
147.61836734693878
147.7350566893424
147.8612925170068
147.9680725623583
148.21092970521542
148.4574149659864
148.6934240362812
148.8178911564626
148.9300680272109
149.04780045351475
149.17507936507937
149.41934240362812
149.6502267573696
149.78024943310658
149.88646258503402
150.01337868480726
150.13709750566895
150.38437641723357
150.61333333333334
150.73786848072564
150.85052154195012
150.97766439909296
151.0910657596372
151.21637188208618
151.3392290249433
151.45857142857142
151.5770068027211
151.69739229024944
151.81079365079364
152.0550566893424
152.29521541950115
152.53045351473924
152.65702947845804
152.76609977324264
152.89349206349206
153.01709750566894
153.26333333333332
153.49344671201814
153.6228798185941
153.7285941043084
153.8565306122449
153.96997732426303
154.21802721088434
154.4549886621315
154.57818594104307
154.6917006802721
154.81732426303856
154.93403628117915
155.05802721088435
155.17920634920634
155.29997732426304
155.41750566893424
155.54124716553287
155.64820861678004
155.8941723356009
156.14281179138322
156.3726530612245
156.4984580498866
156.60816326530613
156.73507936507937
156.85399092970522
157.0971201814059
157.33351473922903
157.46013605442178
157.56997732426305
157.69836734693877
157.81283446712018
158.05784580498866
158.29709750566894
158.4167120181406
158.52795918367346
158.6528344671202
158.7759410430839
158.8959863945578
159.02324263038548
159.1403628117914
159.25267573696146
159.37868480725623
159.485873015873
159.73351473922904
159.98165532879818
160.21480725623582
160.33984126984126
160.45099773242632
160.5743990929705
160.6921768707483
160.93702947845804
161.17362811791384
161.30074829931974
161.40891156462584
161.5362358276644
161.65419501133786
161.90086167800453
162.13179138321996
162.26
162.3677551020408
162.4945351473923
162.61678004535148
162.73526077097506
162.86251700680273
162.97861678004534
163.09578231292517
163.3285941043084
163.5709977324263
163.81929705215418
164.0566439909297
164.17886621315193
164.28786848072562
164.41367346938776
164.5360090702948
164.77458049886621
165.01290249433106
165.13766439909298
165.24530612244897
165.37616780045352
165.49562358276643
165.74190476190475
165.9762811791383
166.094693877551
166.33816326530612
166.57199546485262
166.81643990929706
166.9326530612245
167.6490022675737
168.13598639455782
168.6148299319728
169.09362811791382
169.81124716553288
170.05303854875282
170.29333333333332
170.53256235827664
171.0146485260771
171.49340136054423
171.97240362811792
172.45433106575965
172.93285714285713
173.65065759637187
173.89331065759637
174.13226757369614
174.37319727891156
174.84947845804987
175.3346485260771
175.81263038548752
176.29351473922904
176.77324263038548
177.4931746031746
177.73331065759638
177.97185941043085
178.21589569160997
178.68972789115645
179.17585034013607
179.6545804988662
180.1318140589569
180.6127664399093
181.33353741496597
181.57297052154195
181.81362811791382
182.055873015873
186.8543990929705
187.09526077097505
187.81655328798186
188.5360090702948
