0.07068027210884353
2.967573696145125
4.141700680272109
4.860136054421769
7.376145124716554
17.17607709750567
21.158843537414967
28.92331065759637
29.41299319727891
29.521541950113377
29.887414965986395
30.12829931972789
30.372063492063493
30.474739229024944
30.847913832199545
31.334648526077096
31.43827664399093
31.81013605442177
32.049455782312926
32.28900226757369
32.7721768707483
33.25179138321995
33.72702947845805
33.970340136054425
34.210589569160994
34.31705215419501
34.68997732426304
35.17401360544218
35.28065759637188
35.64959183673469
35.8875283446712
36.131133786848075
36.60721088435374
36.858072562358274
36.97730158730159
37.09439909297052
37.19859410430839
37.339773242630386
37.569410430839
37.81174603174603
38.04891156462585
38.295850340136056
38.41657596371882
38.53249433106576
38.77734693877551
38.8962358276644
39.011655328798184
39.1234693877551
39.254943310657595
39.486825396825395
39.729727891156465
39.973174603174606
40.220725623582766
40.33560090702948
40.44931972789116
40.70040816326531
40.935646258503404
41.04038548752835
41.17736961451247
41.30063492063492
41.411473922902495
41.64827664399093
41.89043083900227
42.13575963718821
42.258208616780045
42.37002267573696
42.61859410430839
42.73863945578231
42.8546485260771
43.09394557823129
43.21877551020408
43.32866213151927
43.57163265306122
43.80972789115646
44.05773242630386
44.17399092970521
44.29108843537415
44.44972789115646
44.53727891156463
44.77367346938775
44.88068027210884
45.011587301587305
45.24829931972789
45.48918367346939
45.733174603174604
45.97673469387755
46.209319727891156
46.456485260770975
46.61253968253968
46.69648526077098
46.9375283446712
47.17122448979592
47.41056689342403
47.651541950113376
47.894784580498865
48.13242630385488
48.37750566893424
48.61326530612245
48.855374149659866
49.08854875283447
49.33140589569161
49.57120181405896
49.815668934240364
50.05122448979592
50.29718820861678
50.45263038548753
50.5346485260771
50.77571428571429
51.010385487528346
51.24875283446712
51.4933560090703
51.735510204081635
51.96922902494331
52.21616780045351
52.45537414965986
52.69861678004535
52.93054421768707
53.17235827664399
53.41006802721088
53.6552380952381
53.893628117913835
54.136757369614514
54.3737641723356
54.616893424036284
54.84827664399093
55.09031746031746
55.333514739229024
55.57519274376417
55.8102947845805
56.05702947845805
56.296462585034014
56.534353741496595
56.77192743764172
57.00857142857143
57.25195011337868
57.49557823129252
57.72963718820861
57.97573696145125
58.214444444444446
58.4575283446712
58.68984126984127
58.93256235827664
59.16972789115646
59.42077097505669
59.585419501133785
59.65718820861678
60.14278911564626
60.49034013605442
60.6165306122449
60.73501133786848
60.85138321995465
61.096054421768706
61.58190476190476
61.82263038548753
62.058027210884354
62.29643990929705
62.41235827664399
62.53977324263039
62.76954648526077
63.02226757369615
63.2544671201814
63.4997052154195
63.97954648526077
64.33253968253969
64.45798185941042
64.57596371882086
64.69154195011338
64.93818594104309
65.4155328798186
65.89598639455782
66.24909297052154
66.38065759637188
66.60886621315193
66.85612244897959
67.0962358276644
67.33283446712018
67.57068027210885
67.69233560090703
67.81709750566894
68.05018140589569
68.17519274376417
68.29482993197279
68.53133786848072
68.65027210884354
68.77013605442177
68.82850340136055
69.00897959183673
69.13192743764172
69.25682539682539
69.490589569161
69.6135827664399
69.73179138321996
69.78369614512472
69.96922902494332
70.09138321995465
70.21278911564626
70.26283446712019
70.45256235827664
70.57378684807256
70.69557823129252
70.7459410430839
70.93256235827664
71.04997732426304
71.17380952380952
71.22482993197279
71.34145124716554
71.46315192743764
71.58260770975056
71.8231746031746
71.94299319727891
72.06142857142858
72.18630385487528
72.30301587301587
72.42848072562359
72.54625850340136
72.78340136054422
72.90367346938775
73.02328798185941
73.14888888888889
73.32612244897959
73.45356009070295
73.57390022675737
73.62532879818595
73.80496598639456
73.93301587301588
74.04920634920634
74.10253968253969
74.28541950113379
74.41124716553288
74.52587301587302
74.58154195011338
74.7654648526077
74.89310657596371
75.01108843537415
75.25868480725623
75.49548752834467
75.73399092970521
75.8568253968254
75.96616780045352
76.09224489795919
76.21340136054421
76.45487528344671
76.69532879818594
76.82172335600907
76.9271201814059
77.04573696145124
77.17308390022676
77.41938775510204
77.6540589569161
77.7753514739229
77.88725623582766
78.00907029478458
78.13757369614513
78.25891156462585
78.37895691609977
78.4968253968254
78.61303854875284
78.74321995464852
78.84925170068027
79.0926530612245
79.3330612244898
79.57521541950113
79.69993197278912
79.80691609977325
79.9314739229025
80.05253968253969
80.29845804988662
80.53104308390023
80.66054421768708
80.76761904761905
80.88773242630386
81.01587301587301
81.24834467120182
81.49149659863946
81.61687074829932
81.72716553287982
81.8508163265306
81.97757369614513
82.09968253968253
82.22181405895692
82.33659863945579
82.4559410430839
82.58204081632653
82.69090702947845
82.93503401360545
83.17743764172336
83.41666666666667
83.54040816326531
83.64739229024943
83.76755102040816
83.89521541950113
84.127641723356
84.37068027210884
84.50274376417234
84.60712018140589
84.73004535147392
84.85514739229025
85.09120181405896
85.33408163265307
85.45893424036281
85.5662358276644
85.69378684807256
85.8114058956916
85.93678004535147
86.05968253968254
86.1774149659864
86.29825396825397
86.42331065759637
86.53231292517007
86.77365079365079
87.0070068027211
87.25038548752835
87.37922902494331
87.48675736961451
87.60965986394558
87.73845804988662
87.97038548752835
88.2132426303855
88.33907029478458
88.44659863945579
88.5734693877551
88.69172335600906
88.93492063492063
89.17587301587301
89.29843537414966
89.4130612244898
89.53643990929706
89.65496598639456
89.77748299319728
89.8984126984127
90.01977324263038
90.13390022675738
90.26027210884354
90.37092970521542
90.61884353741496
90.85507936507936
91.09367346938775
91.21614512471655
91.32743764172335
91.45544217687075
91.57761904761905
91.81512471655329
92.0560544217687
92.17911564625851
92.28902494331066
92.41267573696145
92.53312925170069
92.77981859410431
93.01689342403628
93.13453514739228
93.24904761904762
93.37369614512471
93.49766439909297
93.6171201814059
93.7404081632653
93.85551020408164
93.97333333333333
94.20927437641723
94.33879818594104
94.45687074829932
94.69374149659863
94.9360544217687
95.0584126984127
95.16839002267574
95.29303854875283
95.41272108843538
95.65897959183674
95.89510204081633
96.02181405895692
96.1291156462585
96.25312925170068
96.37664399092971
96.62115646258503
96.85179138321996
96.97560090702947
97.08773242630386
97.21433106575964
97.33839002267574
97.45721088435374
97.58072562358277
97.69607709750566
97.81621315192744
98.05006802721088
98.29489795918367
98.53818594104308
98.7795918367347
98.899410430839
99.00888888888889
99.1330612244898
99.25560090702947
99.49981859410431
99.73122448979592
99.86219954648526
99.96829931972789
100.0944671201814
100.21845804988662
100.45142857142856
100.69448979591837
100.81818594104308
100.9272335600907
101.05702947845805
101.17308390022676
101.29555555555555
101.42190476190476
101.5372335600907
101.65931972789116
101.89340136054422
102.13458049886621
102.37673469387755
102.61102040816327
102.74099773242631
102.8468253968254
102.97426303854876
103.09965986394558
103.33587301587302
103.57614512471655
103.80131519274376
103.9365306122449
104.05378684807256
104.29820861678004
104.5362358276644
104.89451247165533
105.01764172335601
105.1364172335601
105.27011337868481
105.37845804988662
105.4950566893424
112.31036281179138
121.03104308390023
121.09766439909298
121.34163265306123
121.58287981859411
121.93061224489796
122.06131519274376
122.17501133786848
122.29151927437641
122.53619047619047
123.0228798185941
123.25965986394557
123.498231292517
123.85092970521542
123.9812925170068
124.21145124716553
124.45861678004535
124.69458049886622
124.93922902494332
125.41582766439909
125.77199546485261
125.89848072562359
126.01609977324263
126.13140589569161
126.37816326530613
126.85501133786848
127.34126984126983
127.68913832199547
127.82172335600907
128.0485941043084
128.29891156462585
128.53625850340137
128.77131519274377
128.82353741496598
129.01013605442176
129.13231292517005
129.25678004535146
129.49138321995466
129.61530612244897
129.7348752834467
129.97160997732425
130.09133786848074
130.2130612244898
130.44916099773243
130.57210884353742
130.69680272108843
130.7475283446712
130.93056689342404
131.05358276643992
131.17233560090702
131.41002267573697
131.53294784580498
131.65349206349205
131.892358276644
132.01380952380953
132.13337868480727
132.18666666666667
132.37263038548753
132.61308390022677
132.6632879818594
132.78224489795917
132.90390022675737
133.0249433106576
133.26573696145124
133.38249433106577
133.50544217687076
133.74410430839004
133.8658276643991
133.98528344671203
134.2252380952381
134.34544217687076
134.46433106575964
134.588231292517
134.76603174603176
134.89380952380952
135.0134013605442
135.06566893424036
135.24501133786848
135.3729931972789
135.4892290249433
135.54167800453516
135.72555555555556
135.85124716553287
135.96598639455783
136.01977324263038
136.20569160997732
136.33301587301588
136.45249433106576
136.69233560090703
136.92981859410432
137.17281179138322
137.29657596371882
137.53326530612244
137.65478458049887
137.89380952380952
138.13666666666666
138.2633560090703
138.36909297052154
138.49083900226756
138.6163492063492
138.85580498866213
139.0918140589569
139.21460317460318
139.3263492063492
139.4497052154195
139.577641723356
139.6988888888889
139.81739229024944
139.93628117913832
140.0531746031746
140.18233560090704
140.28909297052155
140.52990929705214
140.7730612244898
141.01537414965986
141.14002267573696
141.24637188208618
141.37396825396826
141.49215419501132
141.73857142857142
141.97383219954648
142.1000453514739
142.20709750566894
142.32768707482992
142.45539682539683
142.68791383219954
142.93156462585034
143.0562358276644
143.1675283446712
143.2908163265306
143.41643990929705
143.53841269841269
143.6626984126984
143.77609977324263
143.89596371882087
144.02238095238096
144.13027210884354
144.37498866213153
144.617641723356
144.8560544217687
144.9806349206349
145.08716553287982
145.2077097505669
145.33510204081634
145.56766439909296
145.8107029478458
145.9418820861678
146.04700680272109
146.17013605442176
146.29496598639454
146.5312925170068
146.77403628117915
146.8992970521542
147.00650793650794
147.13374149659865
147.2515873015873
147.37791383219954
147.49986394557823
147.61768707482995
147.73943310657597
147.86260770975056
147.9724263038549
148.21385487528346
148.4605215419501
148.6902267573696
148.81698412698412
148.92655328798185
149.04945578231292
149.17893424036282
149.41038548752834
149.65321995464853
149.78038548752835
149.88662131519274
150.01362811791384
150.1322902494331
150.3756462585034
150.6159410430839
150.7381179138322
150.8531746031746
150.97707482993198
151.09492063492064
151.2171201814059
151.34024943310658
151.45954648526077
151.5733560090703
151.69965986394558
151.81163265306122
152.05843537414967
152.2944671201814
152.5343537414966
152.65616780045352
152.7655328798186
152.8957596371882
153.01916099773243
153.25761904761904
153.4968253968254
153.6201814058957
153.72868480725623
153.85231292517005
153.97319727891156
154.2202947845805
154.45569160997732
154.5771201814059
154.68936507936507
154.81360544217688
154.93768707482994
155.057641723356
155.1800680272109
155.295873015873
155.41337868480727
155.6492970521542
155.77836734693878
155.89358276643992
156.13337868480727
156.37585034013605
156.49802721088435
156.6085941043084
156.73283446712017
156.85260770975057
157.09886621315192
157.33346938775512
157.46174603174603
157.56895691609978
157.6932426303855
157.81632653061226
158.06068027210884
158.29179138321996
158.41564625850341
158.52789115646257
158.65444444444444
158.77791383219954
158.89578231292518
159.0213378684807
159.13714285714286
159.25609977324262
159.4903401360544
159.73403628117913
159.97836734693877
160.2202947845805
160.3402947845805
160.44886621315192
160.57219954648525
160.6955328798186
160.94020408163266
161.17102040816326
161.30267573696145
161.4078231292517
161.53489795918367
161.65662131519275
161.89174603174604
162.13460317460317
162.2591156462585
162.36832199546484
162.49696145124716
162.6119954648526
162.73430839002268
162.8605215419501
162.97750566893424
163.09947845804987
163.33281179138322
163.57451247165534
163.81798185941042
164.05104308390023
164.17721088435374
164.28650793650795
164.4141723356009
164.53956916099773
164.7755782312925
165.01625850340136
165.2412925170068
165.37551020408162
165.49439909297053
165.74201814058958
165.97580498866213
166.3339909297052
166.5697732426304
166.81582766439908
166.93260770975056
167.6421315192744
168.13142857142856
168.61519274376417
169.09297052154196
169.81009070294783
170.05369614512472
170.29183673469387
170.53267573696147
171.01034013605442
171.49408163265306
171.97145124716553
172.45215419501133
172.93312925170068
173.65102040816328
173.8914058956916
174.13111111111112
174.37362811791382
174.84927437641724
175.33467120181405
175.81319727891156
176.29111111111112
176.77126984126983
177.4913378684807
177.7317006802721
177.97229024943312
178.21401360544218
178.69086167800452
179.17201814058956
179.6533560090703
180.13210884353742
180.61102040816326
181.32895691609977
181.5715873015873
181.81414965986394
182.0526530612245
187.57673469387754
187.82020408163265
188.2974829931973
188.54204081632653
