0.06961451247165533
4.860362811791383
5.753469387755102
8.190839002267573
28.920521541950112
29.411541950113378
29.88827664399093
30.127097505668935
30.36997732426304
30.847414965986395
31.333015873015874
31.439002267573695
31.80873015873016
32.05063492063492
32.287233560090705
32.77154195011338
33.25086167800453
33.72575963718821
33.96907029478458
34.210090702947845
34.68916099773243
35.173696145124715
35.65013605442177
35.88657596371882
36.129501133786846
36.60907029478458
36.85460317460318
36.975578231292516
37.092993197278915
37.208662131519276
37.33643990929705
37.568344671201814
37.811451247165536
37.94092970521542
38.04925170068027
38.29424036281179
38.41882086167801
38.53149659863946
38.65473922902494
38.77668934240363
38.896802721088434
39.012403628117916
39.135714285714286
39.25458049886621
39.48657596371882
39.72873015873016
39.86172335600907
39.97167800453515
40.217619047619046
40.33326530612245
40.449115646258505
40.5746485260771
40.69920634920635
40.81458049886621
40.934172335600906
41.048866213151925
41.17861678004535
41.30151927437642
41.41068027210884
41.65068027210884
41.78349206349206
41.88922902494331
42.135668934240364
42.25868480725624
42.3721768707483
42.49414965986394
42.617709750566895
42.73814058956916
42.852879818594104
42.97718820861678
43.09637188208617
43.218639455782316
43.32766439909297
43.5708843537415
43.70024943310658
43.809773242630385
44.05798185941043
44.17530612244898
44.29090702947846
44.4681179138322
44.54331065759637
44.772721088435375
45.017165532879815
45.18403628117914
45.25333333333333
45.43734693877551
45.491609977324266
45.73478458049887
46.21258503401361
46.695850340136055
47.17002267573696
47.41215419501134
47.65378684807256
48.13360544217687
48.615918367346936
48.84990929705216
49.09056689342404
49.33256235827665
49.5731746031746
49.72002267573696
49.814467120181405
50.05122448979592
50.30183673469388
50.53725623582766
51.00859410430839
51.128185941043085
51.250090702947844
51.493968253968255
51.640090702947845
51.97167800453515
52.218548752834465
52.45641723356009
52.93235827664399
53.17170068027211
53.412131519274375
53.89328798185941
54.37580498866213
54.53793650793651
54.614988662131516
54.84997732426304
55.091859410430835
55.3314739229025
55.57943310657596
55.811632653061224
55.93546485260771
56.294013605442174
56.7709977324263
57.010566893424034
57.25272108843537
57.732902494331064
57.97907029478458
58.21530612244898
58.46256235827664
58.69013605442177
58.93156462585034
59.17172335600907
59.65587301587301
60.1356462585034
60.49185941043084
60.618526077097506
60.738072562358276
61.09433106575964
61.58092970521542
62.05680272108844
62.41548752834467
62.53968253968254
62.77761904761905
63.016009070294785
63.25977324263039
63.394716553287985
63.492766439909296
63.974013605442174
64.33498866213152
64.45689342403628
64.57816326530612
64.93689342403628
65.41814058956916
65.89975056689343
66.25591836734694
66.3622902494331
66.6147619047619
66.85691609977324
67.09675736961451
67.34142857142857
67.69879818594104
67.82167800453514
67.95460317460318
68.17725623582767
68.29696145124717
68.65684807256235
68.78002267573696
69.13446712018141
69.26015873015874
69.61328798185941
69.74365079365079
70.09439909297052
70.21485260770974
70.45371882086168
70.57052154195011
70.69721088435374
70.9378231292517
71.17922902494331
71.30333333333333
71.418231292517
71.54285714285714
71.66260770975056
71.78049886621315
71.90544217687075
72.02242630385487
72.14022675736962
72.26709750566893
72.38138321995464
72.5001133786848
72.6181179138322
72.74535147392291
72.85818594104309
72.98197278911564
73.10272108843537
73.32993197278911
73.45156462585034
73.58390022675736
73.81133786848072
73.93172335600907
74.05024943310657
74.29151927437641
74.41417233560091
74.53820861678004
74.76648526077098
74.89049886621315
75.01204081632653
75.25698412698412
75.42104308390023
75.73643990929705
75.96884353741497
76.08666666666667
76.21383219954649
76.45807256235828
76.69591836734693
76.93292517006803
77.05800453514739
77.17680272108844
77.418820861678
77.64875283446712
77.76907029478458
77.88886621315193
78.01548752834466
78.13648526077098
78.23473922902494
78.38297052154195
78.61496598639455
78.7428798185941
78.85904761904762
79.08913832199546
79.33369614512472
79.57596371882086
79.66321995464853
79.80759637188208
79.9248299319728
80.05401360544218
80.30204081632652
80.52852607709751
80.7692970521542
80.90226757369615
81.0178231292517
81.2601133786848
81.49036281179139
81.63673469387756
81.73351473922902
81.84950113378684
81.97596371882086
82.11625850340135
82.22151927437642
82.34297052154194
82.45893424036281
82.58600907029478
82.70204081632653
82.93619047619048
83.09467120181407
83.41702947845805
83.6456462585034
83.78210884353742
83.89628117913833
83.97097505668934
84.14390022675737
84.37092970521542
84.50580498866213
84.60938775510203
84.73197278911564
84.85056689342403
85.09639455782313
85.33344671201814
85.57136054421768
85.6856462585034
85.81414965986394
85.90002267573696
86.0591156462585
86.1771201814059
86.298231292517
86.42648526077097
86.53519274376417
86.77294784580499
87.03156462585034
87.25133786848073
87.48346938775511
87.61369614512472
87.73408163265306
87.98412698412699
88.21371882086167
88.45131519274376
88.56657596371882
88.69532879818594
88.93673469387755
89.17693877551021
89.30709750566893
89.41984126984127
89.61387755102041
89.90362811791383
90.1337641723356
90.37210884353742
90.6171201814059
91.09668934240362
91.2058276643991
91.28698412698412
91.44766439909297
91.5736507936508
91.81829931972788
92.05707482993198
92.29208616780045
92.53614512471655
92.64428571428572
92.78009070294785
92.88596371882086
93.00845804988663
93.1275283446712
93.25768707482993
93.49746031746032
93.60795918367347
93.74390022675738
93.97492063492064
94.10317460317461
94.21863945578231
94.45850340136055
94.6122902494331
94.70310657596372
94.93707482993197
95.16675736961452
95.28151927437642
95.41600907029479
95.66492063492063
95.8898866213152
96.13589569160997
96.37780045351474
96.6170068027211
96.85149659863946
96.9677097505669
97.09768707482993
97.33505668934241
97.44650793650794
97.57852607709751
97.81902494331065
98.06378684807257
98.29678004535147
98.45068027210884
98.78027210884353
98.96777777777778
99.14244897959183
99.25823129251701
99.50521541950113
99.73315192743765
99.97460317460317
100.09412698412699
100.2132426303855
100.32961451247165
100.46054421768707
100.58401360544218
100.701768707483
100.94172335600906
101.04789115646258
101.17512471655328
101.42190476190476
101.537641723356
101.65850340136055
101.78102040816327
101.89587301587302
102.1346485260771
102.39467120181406
102.61392290249434
102.85142857142857
102.97603174603175
103.09437641723356
103.33784580498866
103.57718820861678
103.81487528344671
104.05342403628119
104.29968253968254
104.41487528344672
104.53875283446712
104.62662131519275
104.77310657596372
105.01920634920634
105.2658276643991
105.49648526077098
105.71986394557823
106.45893424036281
106.56539682539683
106.64609977324263
106.71730158730159
106.78401360544218
106.84469387755102
107.02814058956916
107.15498866213152
110.71664399092971
111.2660544217687
111.49879818594104
113.37476190476191
114.24897959183673
115.53013605442177
115.84843537414966
116.44578231292518
117.34358276643991
117.4182993197279
117.6369387755102
118.33510204081632
118.60292517006803
119.0434693877551
119.49852607709751
119.58140589569162
119.76412698412699
119.92696145124717
120.15451247165532
120.98333333333333
121.0968253968254
121.58108843537416
121.93222222222222
122.17687074829932
122.53426303854876
123.02358276643992
123.49825396825396
123.85843537414966
124.21707482993197
124.45727891156463
124.69566893424036
124.93551020408164
125.41385487528345
125.65428571428572
125.77358276643992
126.01904761904763
126.37609977324263
126.85485260770974
127.10034013605443
127.34040816326531
127.6951247165533
128.0543537414966
128.2962358276644
128.53648526077097
128.78292517006804
129.06809523809522
129.13541950113378
129.2624716553288
129.61784580498866
129.74215419501132
129.9781179138322
130.09732426303856
130.21997732426303
130.57589569161
130.6986394557823
131.05798185941043
131.17371882086167
131.53462585034015
131.65548752834468
131.8948299319728
132.01297052154194
132.13961451247167
132.37709750566893
132.6174603174603
132.7444671201814
132.86120181405894
132.9862358276644
133.10414965986394
133.22238095238095
133.33875283446713
133.46267573696144
133.58181405895692
133.82637188208616
133.9427664399093
134.05945578231294
134.18428571428572
134.30065759637188
134.42356009070295
134.54344671201815
134.7683673469388
134.89181405895692
135.01555555555555
135.24843537414966
135.37172335600906
135.49884353741496
135.73145124716552
135.85410430839002
135.97918367346938
136.20739229024943
136.33492063492062
136.4532426303855
136.6962358276644
136.9392290249433
137.17278911564625
137.30589569160998
137.53718820861678
137.66290249433106
137.9057596371882
138.13467120181406
138.26913832199546
138.37278911564627
138.6211111111111
138.7359410430839
138.85818594104308
139.09401360544217
139.33312925170068
139.45492063492063
139.57884353741497
139.82294784580498
140.05517006802722
140.1742403628118
140.29789115646258
140.5291156462585
140.62598639455783
140.71285714285713
140.7784580498866
141.01643990929705
141.2448299319728
141.3639455782313
141.49414965986395
141.7418367346939
141.96884353741495
142.09931972789116
142.20714285714286
142.3412244897959
142.4531292517007
142.6887755102041
142.9302947845805
143.05959183673468
143.1719954648526
143.2898185941043
143.41530612244898
143.50925170068027
143.6588888888889
143.78274376417232
143.8984580498866
144.14072562358277
144.37818594104309
144.5184807256236
144.85476190476192
145.0426984126984
145.221768707483
145.33621315192744
145.58462585034013
145.81108843537416
145.92943310657597
146.05002267573695
146.1722902494331
146.29301587301586
146.53752834467122
146.77528344671202
147.01238095238097
147.12587301587303
147.25560090702947
147.3879365079365
147.5001814058957
147.61725623582765
147.73913832199545
147.86666666666667
147.97507936507935
148.2129931972789
148.4033560090703
148.46124716553288
148.6908843537415
148.80390022675738
148.92780045351475
149.05308390022677
149.1751700680272
149.42437641723356
149.65340136054422
149.89176870748298
150.00551020408165
150.13557823129253
150.33798185941043
150.6154195011338
150.74185941043083
150.86138321995466
151.09727891156462
151.21489795918367
151.34807256235828
151.57916099773243
151.81918367346938
152.0567573696145
152.17145124716552
152.53755102040816
152.6503401360544
152.88834467120182
153.01408163265307
153.2607709750567
153.4973015873016
153.73730158730157
153.9789342403628
154.21845804988664
154.44873015873017
154.55333333333334
154.69678004535146
154.9369387755102
155.17904761904762
155.41455782312926
155.55603174603175
155.66013605442177
155.88913832199546
156.04861678004536
156.1397505668934
156.3770068027211
156.85539682539684
157.10462585034014
157.3302947845805
157.57630385487528
157.81768707482993
157.94927437641724
158.05607709750566
158.29265306122448
158.54090702947846
158.77832199546486
158.88142857142856
159.02201814058958
159.25863945578232
159.50283446712018
159.7374149659864
159.87807256235828
159.99145124716554
160.22002267573697
160.44541950113378
160.5838321995465
160.6979365079365
160.94637188208617
161.17149659863946
161.40764172335602
161.53421768707483
161.6527664399093
161.8973015873016
162.13553287981858
162.2577777777778
162.37768707482994
162.5226530612245
162.6149886621315
162.86049886621316
162.97746031746033
163.09963718820862
163.22557823129253
163.33496598639456
163.57541950113378
163.83356009070295
164.05346938775511
164.1525396825397
164.28596371882085
164.4162358276644
164.5349433106576
164.77804988662132
165.01920634920634
165.25249433106575
165.36827664399092
165.4785941043084
165.60310657596372
165.7415873015873
165.85544217687075
165.9777777777778
166.1026530612245
166.34056689342404
166.51369614512473
166.82115646258504
166.94909297052155
167.15607709750566
167.37603174603174
167.6536507936508
167.79287981859412
167.94349206349207
168.03668934240363
168.11968253968254
168.24732426303854
168.35190476190476
168.4426984126984
168.57027210884354
169.09024943310658
169.8121088435374
170.0563038548753
170.29573696145124
170.53414965986394
171.01442176870748
171.35823129251702
171.4984126984127
171.9745804988662
172.45083900226757
172.93455782312924
173.65374149659863
173.88993197278913
174.13603174603173
174.3672335600907
174.47965986394559
174.85179138321996
175.33621315192744
175.6667120181406
175.81156462585034
176.29560090702947
176.454126984127
176.77297052154196
177.34945578231293
177.49056689342405
177.7331292517007
177.97544217687076
178.21866213151927
178.69433106575963
179.17555555555555
179.56848072562357
179.6487074829932
180.13414965986394
180.61850340136056
181.0192517006803
181.20365079365078
181.3303628117914
181.57426303854876
181.81473922902495
182.03714285714287
183.48310657596372
184.9518820861678
185.65954648526076
186.86265306122448
187.0892290249433
187.42698412698414
187.57854875283448
187.819410430839
187.97648526077097
188.08902494331065
188.53907029478458
188.85920634920635
189.0134693877551
189.2527664399093
