0.058435374149659866
28.91451247165533
29.411972789115648
29.521315192743764
29.887913832199548
30.127709750566893
30.370589569160998
30.47437641723356
30.84764172335601
31.333764172335602
31.438185941043084
31.80938775510204
32.05070294784581
32.2878231292517
32.771972789115644
33.250839002267575
33.726621315192745
33.96952380952381
34.21027210884354
34.317301587301586
34.68927437641723
35.17281179138322
35.28083900226758
35.650294784580495
35.887301587301586
36.12972789115646
36.607301587301585
36.854467120181404
36.9753514739229
37.09344671201814
37.206825396825394
37.33843537414966
37.45990929705216
37.56886621315193
37.81149659863946
37.94145124716553
38.04839002267574
38.295419501133786
38.417369614512474
38.531950113378684
38.65546485260771
38.776825396825394
38.89541950113379
39.01068027210884
39.13224489795918
39.255873015873014
39.377596371882085
39.48702947845805
39.729115646258506
39.86321995464853
39.97226757369614
40.21904761904762
40.33421768707483
40.44886621315193
40.57448979591837
40.65038548752835
40.81551020408163
40.93453514739229
41.045691609977325
41.17750566893424
41.298820861678
41.41108843537415
41.54501133786848
41.65081632653061
41.78367346938776
41.889047619047616
42.05893424036281
42.13553287981859
42.25825396825397
42.37167800453515
42.49514739229025
42.61732426303855
42.73721088435374
42.853038548752835
42.97632653061225
43.094739229024945
43.21934240362812
43.328208616780046
43.570952380952384
43.70292517006803
43.81115646258503
44.05734693877551
44.17510204081633
44.290340136054425
44.53539682539682
44.65213151927438
44.774467120181406
45.01242630385487
45.13825396825397
45.2502947845805
45.48979591836735
45.733650793650796
45.975578231292516
46.21013605442177
46.33925170068027
46.45612244897959
46.69587301587302
46.93893424036281
47.17072562358277
47.41204081632653
47.65117913832199
47.89451247165533
48.13224489795918
48.3765306122449
48.61387755102041
48.85512471655329
48.97965986394558
49.088639455782314
49.33108843537415
49.571337868480725
49.81580498866213
50.05086167800454
50.296848072562355
50.53421768707483
50.77705215419501
51.01097505668934
51.248979591836736
51.49299319727891
51.73369614512472
51.96997732426304
52.215374149659866
52.45482993197279
52.69793650793651
52.930566893424036
53.172108843537416
53.29789115646258
53.41002267573696
53.65551020408163
53.89256235827664
54.13612244897959
54.37353741496599
54.61650793650794
54.84893424036281
55.08997732426304
55.33172335600907
55.57485260770975
55.80981859410431
56.05648526077098
56.295419501133786
56.53480725623583
56.771315192743764
57.00875283446712
57.14256235827664
57.25179138321995
57.4933560090703
57.73040816326531
57.976621315192745
58.213537414965984
58.45709750566893
58.689954648526076
58.93185941043084
59.16902494331066
59.41814058956916
59.5818820861678
59.65621315192744
59.902471655328796
60.14365079365079
60.37954648526077
60.49013605442177
60.615260770975055
60.736054421768706
60.85231292517007
61.09344671201814
61.33478458049887
61.58342403628118
61.82031746031746
62.05718820861678
62.297709750566895
62.41707482993197
62.540249433106574
62.770430839002266
63.02308390022676
63.25340136054422
63.49718820861678
63.97319727891156
64.2168253968254
64.33195011337868
64.45984126984126
64.57696145124717
64.69147392290249
64.93773242630385
65.18312925170068
65.41541950113378
65.65659863945578
65.76709750566893
65.90163265306123
66.248820861678
66.3821768707483
66.60965986394558
66.85292517006803
67.09541950113379
67.32913832199546
67.5715873015873
67.69321995464853
67.81668934240363
68.051179138322
68.17471655328798
68.29399092970522
68.53172335600907
68.65126984126984
68.76791383219954
68.82961451247165
69.00927437641724
69.13242630385487
69.25589569160998
69.30632653061224
69.49104308390022
69.61263038548753
69.73124716553288
69.97049886621315
70.09170068027211
70.21090702947846
70.26809523809524
70.45111111111112
70.69598639455782
70.74689342403629
70.93390022675737
71.17195011337868
71.22936507936508
71.34380952380953
71.46589569160997
71.58437641723356
71.8250566893424
71.94571428571429
72.06401360544217
72.18727891156463
72.30473922902495
72.42859410430839
72.5471201814059
72.6170068027211
72.78609977324263
72.90557823129252
73.02566893424036
73.14904761904762
73.32650793650794
73.4541723356009
73.5721768707483
73.62773242630385
73.80442176870748
73.93281179138322
74.0481179138322
74.1072335600907
74.28537414965986
74.41192743764172
74.52526077097505
74.58659863945579
74.76560090702948
74.89396825396825
75.01038548752834
75.24786848072563
75.49659863945578
75.73249433106577
75.85730158730159
75.96523809523809
76.09206349206349
76.20911564625851
76.45367346938775
76.69428571428571
76.82009070294785
76.92637188208617
77.05823129251701
77.1718820861678
77.42031746031746
77.64925170068027
77.77551020408163
77.88750566893424
78.01049886621315
78.13541950113378
78.25560090702947
78.3730612244898
78.49852607709751
78.61195011337868
78.74022675736961
78.84603174603174
79.08832199546485
79.33263038548753
79.5747619047619
79.69861678004536
79.80619047619048
79.93340136054422
80.05165532879819
80.29848072562358
80.52780045351474
80.66018140589568
80.76804988662131
80.8902947845805
81.0146485260771
81.2484126984127
81.49083900226758
81.61519274376417
81.72716553287982
81.85092970521542
81.96895691609977
82.09854875283446
82.21943310657596
82.33609977324264
82.45469387755102
82.57791383219954
82.6862358276644
82.93124716553288
83.08351473922903
83.18036281179138
83.40995464852608
83.53977324263039
83.64775510204082
83.76836734693877
83.8940589569161
84.12709750566893
84.36990929705216
84.50201814058957
84.60698412698413
84.73106575963719
84.84773242630385
85.09090702947846
85.33360544217688
85.45598639455783
85.56580498866214
85.69480725623583
85.81027210884353
85.93537414965986
86.05857142857143
86.17755102040816
86.29342403628118
86.41920634920635
86.52875283446713
86.77312925170068
87.00736961451247
87.2497052154195
87.37965986394558
87.48757369614512
87.6101133786848
87.73675736961451
87.97013605442177
88.2124716553288
88.33689342403628
88.44571428571429
88.57439909297052
88.68970521541951
88.93426303854875
89.1753514739229
89.29718820861677
89.41068027210885
89.53761904761905
89.6532879818594
89.77480725623583
89.89714285714285
90.01909297052154
90.12993197278911
90.25666666666666
90.36961451247166
90.61673469387755
90.85439909297052
91.09235827664399
91.21473922902494
91.3265306122449
91.45371882086168
91.57226757369615
91.81369614512472
92.05453514739229
92.17748299319727
92.28680272108843
92.41718820861678
92.53190476190476
92.78079365079365
93.01215419501133
93.13680272108843
93.24850340136054
93.37145124716554
93.4959410430839
93.61655328798186
93.73696145124717
93.85698412698413
93.9724716553288
94.09848072562359
94.2062358276644
94.4527664399093
94.69269841269842
94.93510204081633
95.057052154195
95.16607709750566
95.29691609977324
95.41199546485261
95.65943310657596
95.88895691609977
96.01959183673469
96.12839002267573
96.25301587301587
96.37569160997732
96.60861678004535
96.85115646258504
96.97392290249434
97.08696145124716
97.21251700680273
97.33274376417233
97.45646258503402
97.57850340136055
97.69589569160998
97.81496598639455
97.93655328798187
98.0459410430839
98.2911111111111
98.54108843537415
98.77428571428571
98.89734693877551
99.00814058956917
99.13229024943311
99.25462585034013
99.48777777777778
99.73068027210884
99.8605215419501
99.96827664399093
100.0937641723356
100.21390022675737
100.45081632653061
100.69374149659863
100.81743764172336
100.92507936507937
101.05621315192744
101.17108843537414
101.29433106575964
101.42337868480726
101.53795918367346
101.65684807256235
101.77938775510204
101.89006802721089
102.13349206349206
102.37938775510204
102.60995464852607
102.74004535147392
102.84673469387755
102.97263038548753
103.09832199546486
103.33528344671201
103.57331065759637
103.69480725623583
103.80229024943311
103.9387074829932
104.05020408163266
104.29668934240362
104.53866213151927
104.65573696145125
104.76442176870748
104.89582766439909
105.01507936507936
105.1359410430839
105.25909297052154
105.37884353741497
105.49181405895692
105.62095238095237
105.7279365079365
121.00356009070295
121.09555555555555
121.33818594104308
121.58331065759637
121.93231292517007
122.06374149659864
122.17496598639455
122.2919954648526
122.53392290249433
122.77462585034013
123.0238775510204
123.26
123.49789115646259
123.7388888888889
123.85766439909297
123.98326530612245
124.21544217687075
124.46136054421768
124.69455782312926
124.93950113378685
125.1838775510204
125.42126984126985
125.65523809523809
125.7724716553288
125.90142857142857
126.01666666666667
126.1314739229025
126.37666666666667
126.85281179138322
127.09492063492064
127.3422902494331
127.57920634920634
127.69020408163266
127.82396825396826
128.0494784580499
128.2971201814059
128.5360090702948
128.7683673469388
128.83
129.0117006802721
129.13326530612244
129.25637188208617
129.30707482993196
129.49204081632652
129.61501133786848
129.73219954648525
129.78775510204082
129.97219954648526
130.09283446712018
130.20997732426304
130.26544217687075
130.45226757369613
130.5731746031746
130.69609977324262
130.74732426303854
130.93133786848074
131.05263038548753
131.17099773242631
131.23374149659864
131.4100453514739
131.53260770975058
131.65068027210884
131.7068707482993
131.89263038548754
132.13278911564626
132.18732426303856
132.37489795918367
132.61233560090702
132.6650113378685
132.78562358276645
132.90637188208618
133.0280725623583
133.15072562358276
133.26684807256237
133.3863492063492
133.50820861678005
133.62757369614513
133.74621315192744
133.86757369614512
133.98732426303854
134.05702947845805
134.22795918367348
134.3480498866213
134.46804988662132
134.58857142857144
134.76639455782313
134.8946485260771
135.01190476190476
135.0685941043084
135.24485260770976
135.372947845805
135.48816326530613
135.545873015873
135.72596371882085
135.85208616780045
135.96539682539682
136.02591836734695
136.2055328798186
136.33419501133787
136.45242630385488
136.6968253968254
136.93816326530612
137.17260770975057
137.29761904761904
137.53256235827664
137.65666666666667
137.89272108843537
138.13453514739228
138.26485260770974
138.3669387755102
138.4967573696145
138.6127664399093
138.85662131519274
139.08861678004536
139.21696145124716
139.32746031746032
139.450589569161
139.5751247165533
139.69662131519274
139.81238095238095
139.93809523809523
140.0519501133787
140.1800680272109
140.2864172335601
140.5280045351474
140.77251700680273
141.01496598639457
141.1388662131519
141.2457596371882
141.37503401360544
141.49081632653062
141.7391836734694
141.9688888888889
142.0996598639456
142.207641723356
142.32911564625851
142.45378684807255
142.68725623582768
142.9309977324263
143.05526077097505
143.16736961451247
143.29095238095238
143.40850340136055
143.53802721088437
143.66031746031746
143.77569160997732
143.89462585034013
144.01920634920634
144.1259410430839
144.37126984126985
144.51684807256237
144.6211111111111
144.8497732426304
144.98079365079366
145.08755102040817
145.21013605442178
145.3338321995465
145.56730158730159
145.8099546485261
145.94086167800452
146.0468707482993
146.17122448979592
146.28725623582767
146.53115646258505
146.77360544217686
146.89777777777778
147.00587301587302
147.13455782312926
147.250589569161
147.3775283446712
147.49927437641725
147.6175963718821
147.7367573696145
147.8597052154195
147.96875283446713
148.21344671201814
148.46163265306123
148.68950113378685
148.81714285714287
148.92712018140588
149.04954648526078
149.17684807256236
149.41009070294785
149.65249433106575
149.77809523809523
149.8856462585034
150.01478458049885
150.12984126984128
150.37505668934241
150.61526077097506
150.73702947845806
150.85024943310657
150.97727891156464
151.0929931972789
151.21430839002267
151.34004535147392
151.45873015873016
151.5698866213152
151.69541950113378
151.81045351473924
152.05714285714285
152.29557823129252
152.53251700680272
152.65503401360544
152.765283446712
152.89437641723356
153.0159410430839
153.25489795918367
153.49560090702948
153.61977324263037
153.7268253968254
153.8563492063492
153.9719954648526
154.22167800453514
154.4498185941043
154.5767573696145
154.68854875283446
154.81256235827664
154.93587301587303
155.05789115646257
155.1767573696145
155.29814058956916
155.41244897959183
155.5378911564626
155.64662131519273
155.88891156462586
156.13263038548752
156.37492063492064
156.4974149659864
156.6062358276644
156.73662131519274
156.85174603174602
157.09975056689342
157.32798185941044
157.4593424036281
157.56836734693877
157.69589569161
157.8150566893424
158.04832199546485
158.29120181405895
158.414126984127
158.52700680272108
158.65263038548753
158.77385487528343
158.89442176870747
159.02072562358276
159.13609977324262
159.25478458049886
159.3771201814059
159.4861678004535
159.7308163265306
159.98226757369613
160.21766439909297
160.33938775510205
160.44825396825397
160.57063492063492
160.69430839002268
160.9281859410431
161.1701814058957
161.3012925170068
161.40716553287982
161.53496598639455
161.64739229024943
161.89111111111112
162.13390022675736
162.2581632653061
162.36603174603175
162.49603174603175
162.61077097505668
162.73319727891158
162.86081632653062
162.9775283446712
163.0978231292517
163.22002267573697
163.32911564625851
163.5732426303855
163.82104308390024
164.05004535147393
164.17857142857142
164.28657596371883
164.41233560090703
164.53848072562357
164.77480725623582
165.01365079365078
165.13562358276644
165.24213151927438
165.37736961451247
165.49056689342405
165.74086167800453
165.97884353741497
166.09190476190477
166.33637188208615
166.57195011337868
166.69274376417235
166.81632653061226
166.93362811791383
167.16809523809525
167.65213151927438
168.13650793650794
168.6174603174603
169.094693877551
169.8125396825397
170.0546031746032
170.29210884353742
170.53385487528345
171.01287981859412
171.49374149659863
171.97290249433107
172.4532426303855
172.9340589569161
173.65297052154196
173.89297052154194
174.1319954648526
174.37344671201814
174.85031746031746
175.33290249433108
175.64331065759637
175.81290249433107
176.29290249433106
176.772947845805
177.4919954648526
177.73408163265307
177.9717006802721
178.2154195011338
178.68934240362813
179.17356009070295
179.65439909297052
180.13274376417235
180.61362811791383
181.33185941043084
181.57408163265305
181.8109523809524
182.05548752834468
187.10283446712018
187.57739229024943
187.82063492063492
188.54263038548754
