0.06947845804988662
4.859773242630386
5.756099773242631
28.922154195011338
29.417074829931973
29.89358276643991
30.128503401360543
30.371111111111112
30.8497052154195
31.33448979591837
31.810408163265308
32.05390022675737
32.289206349206346
32.77374149659864
33.25244897959184
33.727006802721085
33.970226757369616
34.21337868480725
34.68997732426304
35.17671201814059
35.652857142857144
35.894126984126984
36.13
36.61480725623583
36.86020408163265
36.98043083900227
37.09408163265306
37.338095238095235
37.56963718820862
37.813219954648524
37.948344671201816
38.05578231292517
38.29965986394558
38.42190476190476
38.53315192743764
38.65975056689342
38.77963718820862
38.900408163265304
39.01904761904762
39.13814058956916
39.25600907029479
39.494353741496596
39.72993197278912
39.86734693877551
39.97315192743764
40.22244897959184
40.33909297052154
40.450113378684804
40.580385487528346
40.69925170068027
40.819002267573694
40.93614512471655
41.05106575963719
41.183083900226755
41.30374149659864
41.41249433106576
41.54671201814059
41.65537414965986
41.789160997732424
41.89020408163265
42.13743764172336
42.264104308390024
42.37544217687075
42.49988662131519
42.623492063492066
42.741791383219955
42.853469387755105
42.977981859410434
43.09836734693877
43.222743764172336
43.32888888888889
43.572108843537414
43.70519274376417
43.815555555555555
44.06374149659864
44.180181405895695
44.2921768707483
44.536371882086165
44.78124716553288
45.2552380952381
45.494126984126986
45.73503401360544
45.97829931972789
46.21399092970522
46.69696145124716
47.17437641723356
47.4178231292517
47.6543537414966
48.134036281179135
48.37705215419501
48.618321995464854
48.858390022675735
49.092403628117914
49.33412698412698
49.57759637188209
49.82154195011338
50.05374149659864
50.29734693877551
50.54142857142857
51.01451247165533
51.25503401360544
51.4949433106576
51.97517006802721
52.21784580498866
52.45798185941043
52.93337868480726
53.17678004535147
53.4159410430839
53.896031746031746
54.13963718820862
54.378299319727894
54.85297052154195
55.09408163265306
55.335850340136055
55.81292517006803
56.29698412698413
56.77575963718821
57.01648526077098
57.2544671201814
57.73913832199546
57.98265306122449
58.2168253968254
58.69179138321996
58.934875283446715
59.177142857142854
59.65764172335601
60.139274376417234
60.494308390022674
60.73836734693877
61.097256235827665
61.58253968253968
62.05947845804989
62.4165306122449
62.53634920634921
62.778684807256234
63.0187074829932
63.25768707482993
63.501496598639456
63.976848072562355
64.33666666666667
64.57977324263038
64.94015873015873
65.42052154195011
65.90015873015874
66.25448979591837
66.61709750566894
66.85671201814058
67.09857142857143
67.3408843537415
67.55501133786848
67.69625850340137
67.81823129251701
68.1789342403628
68.29612244897959
68.5356462585034
68.65965986394558
68.7804081632653
69.13886621315193
69.25866213151927
69.61666666666666
69.73775510204082
70.09555555555555
70.21646258503401
70.45480725623582
70.69950113378685
70.94408163265307
71.17761904761905
71.42303854875283
71.53968253968254
71.66356009070294
71.78151927437642
71.89755102040816
72.14201814058957
72.25725623582767
72.38199546485261
72.50421768707483
72.6182993197279
72.86340136054422
72.97820861678005
73.10326530612245
73.33185941043084
73.45412698412699
73.57657596371882
73.8181179138322
73.93780045351474
74.06131519274376
74.29442176870748
74.4157596371882
74.54
74.77353741496599
74.89897959183673
75.01369614512471
75.25814058956917
75.49748299319728
75.73784580498867
75.96918367346939
76.09210884353742
76.2155328798186
76.45850340136055
76.69857142857143
76.93113378684808
77.05342403628119
77.17442176870749
77.41585034013606
77.65303854875283
77.8925850340136
78.01501133786849
78.13607709750566
78.24614512471655
78.37528344671202
78.61707482993198
78.85984126984127
79.09120181405896
79.28247165532879
79.33684807256236
79.57780045351474
79.93428571428572
80.05453514739229
80.30185941043084
80.5363492063492
80.77038548752834
80.89401360544218
81.0192970521542
81.26149659863945
81.49360544217687
81.61448979591837
81.73106575963719
81.85390022675737
81.97965986394559
82.21852607709751
82.46022675736961
82.56571428571428
82.69891156462585
82.93607709750567
83.1827664399093
83.41460317460317
83.64938775510204
83.77421768707482
83.89827664399093
84.14371882086168
84.37190476190476
84.61163265306122
84.7354648526077
84.8587074829932
85.09714285714286
85.33607709750567
85.57120181405895
85.6935827664399
85.81548752834468
86.06043083900227
86.29868480725624
86.53585034013605
86.77471655328799
87.02049886621315
87.25344671201815
87.61639455782313
87.73972789115646
87.98315192743765
88.21496598639456
88.45106575963719
88.57136054421768
88.69544217687074
88.93748299319728
89.1802947845805
89.41541950113378
89.65587301587301
89.76433106575963
89.90290249433106
90.1378231292517
90.37646258503402
90.61859410430839
90.85850340136055
91.09891156462585
91.33732426303855
91.57607709750567
91.81859410430839
92.05907029478458
92.29718820861677
92.53421768707483
92.77884353741497
93.01639455782313
93.2570068027211
93.49986394557823
93.73510204081633
93.97675736961452
94.2132426303855
94.45904761904762
94.69609977324264
94.93834467120182
95.03566893424036
95.17390022675737
95.41380952380952
95.66319727891157
95.8965306122449
96.13526077097505
96.37789115646258
96.61798185941043
96.85471655328799
96.97260770975056
97.0997052154195
97.33668934240363
97.5791156462585
97.81952380952382
98.05462585034013
98.296462585034
98.40968253968254
98.5427664399093
98.77546485260771
98.89145124716553
99.25839002267574
99.50324263038549
99.73351473922902
99.97761904761904
100.21739229024944
100.33716553287982
100.45707482993197
100.69560090702947
100.93766439909297
101.17537414965986
101.29088435374149
101.42077097505668
101.6588888888889
101.89417233560091
102.13619047619048
102.28757369614513
102.3829931972789
102.61600907029478
102.85403628117913
103.10099773242631
103.33814058956916
103.57841269841269
103.81185941043084
104.0537641723356
104.30181405895692
104.53775510204082
104.77766439909297
105.01510204081633
105.26233560090704
105.5002947845805
106.48310657596372
120.99297052154195
121.09551020408163
121.57929705215419
121.93562358276644
122.17945578231293
122.53648526077097
123.0228798185941
123.49884353741497
123.86013605442177
124.21888888888888
124.45707482993197
124.69816326530612
124.93936507936507
125.41795918367347
125.77585034013606
126.01793650793651
126.37804988662131
126.85696145124716
127.34133786848072
127.69383219954649
128.05578231292517
128.29598639455781
128.5377097505669
128.78160997732425
129.13655328798185
129.258820861678
129.61809523809524
129.73868480725625
130.09920634920636
130.22009070294786
130.57832199546485
130.6978911564626
131.0556009070295
131.17600907029478
131.534693877551
131.65879818594104
131.89666666666668
132.02149659863946
132.1387074829932
132.3781179138322
132.61927437641722
132.86460317460316
132.9797052154195
133.1025850340136
133.22471655328798
133.33895691609976
133.46219954648527
133.5831746031746
133.82145124716553
133.94344671201813
134.06124716553288
134.18360544217688
134.3032879818594
134.4193650793651
134.5430612244898
134.77020408163264
134.89548752834466
135.01666666666668
135.2585941043084
135.37780045351474
135.50142857142856
135.73439909297053
135.8561678004535
135.98006802721088
136.33791383219955
136.45378684807255
136.70002267573696
136.94197278911565
137.17854875283447
137.3013605442177
137.5390022675737
137.6627664399093
137.90609977324263
138.1380498866213
138.26809523809524
138.37748299319728
138.6146485260771
138.86045351473922
139.0943083900227
139.3315873015873
139.4555328798186
139.58043083900228
139.81696145124715
140.05736961451248
140.29421768707482
140.52997732426303
140.7765306122449
141.0179365079365
141.11446712018142
141.25167800453514
141.3744217687075
141.49489795918367
141.74260770975056
141.97530612244898
142.20773242630386
142.33285714285714
142.45773242630386
142.69598639455782
142.93380952380951
143.17131519274378
143.29569160997733
143.41526077097507
143.65848072562358
143.8990702947846
144.00433106575963
144.13684807256234
144.3763038548753
144.62167800453514
144.85485260770974
145.21428571428572
145.33879818594104
145.58290249433108
145.8119274376417
146.0501814058957
146.1764172335601
146.2967573696145
146.53814058956917
146.7750566893424
147.01104308390023
147.13308390022675
147.2553514739229
147.50049886621315
147.73825396825396
147.97496598639455
148.21462585034013
148.4596371882086
148.69326530612244
148.92866213151927
149.05530612244897
149.17979591836735
149.4237641723356
149.65528344671202
149.8904761904762
150.0124036281179
150.13569160997733
150.37410430839003
150.61947845804988
150.73972789115646
150.85380952380953
151.09854875283446
151.21231292517007
151.34160997732425
151.5784807256236
151.817052154195
152.05791383219955
152.30124716553289
152.53895691609978
153.01632653061225
153.26
153.49920634920636
153.73281179138323
153.9744217687075
154.22179138321997
154.45727891156463
154.69746031746033
154.93705215419502
155.17532879818594
155.4175283446712
155.54566893424035
155.6522902494331
155.89480725623582
156.00172335600908
156.13621315192745
156.37786848072562
156.61451247165533
156.8553514739229
156.97673469387755
157.10287981859412
157.3366439909297
157.57587301587301
157.8166439909297
158.059410430839
158.29383219954647
158.53920634920635
158.7749886621315
158.89072562358277
159.018820861678
159.25975056689342
159.3641723356009
159.49337868480725
159.73596371882087
159.98231292517008
160.21566893424037
160.45492063492063
160.6984126984127
160.9436507936508
161.1736507936508
161.30997732426303
161.41619047619048
161.65684807256235
161.8967120181406
162.13714285714286
162.37732426303856
162.61596371882086
162.72641723356008
162.86045351473922
163.1000453514739
163.33526077097505
163.57637188208616
163.7237641723356
163.8224036281179
164.0559410430839
164.295283446712
164.54079365079366
164.77956916099774
165.01818594104307
165.25650793650794
165.49297052154196
165.7387528344671
165.9806349206349
166.0987755102041
166.34551020408162
166.56662131519275
166.81643990929706
167.82925170068026
168.6158276643991
169.8125396825397
170.05385487528343
170.53156462585034
171.0140589569161
171.49263038548753
171.97392290249434
172.45281179138323
172.93514739229025
173.65326530612245
173.88727891156464
174.13331065759638
174.36993197278912
174.85349206349207
175.33358276643992
175.813537414966
176.29487528344671
176.76981859410432
177.48736961451246
177.7325850340136
177.97301587301587
178.6918140589569
179.17503401360545
179.6522902494331
180.13206349206348
180.6139909297052
181.33467120181405
181.5722448979592
181.8095238095238
186.1360544217687
186.85138321995464
187.09963718820862
187.41410430839002
187.57709750566895
187.70839002267573
187.8170068027211
188.2958276643991
188.41333333333333
188.53428571428572
189.0115873015873
189.25151927437642
189.32287981859412
189.5528798185941
