0.06850340136054421
29.409002267573698
29.88596371882086
30.132879818594105
30.367732426303856
30.849931972789115
31.325986394557823
31.81092970521542
32.049138321995464
32.293174603174606
32.765578231292515
33.25174603174603
33.72757369614512
33.97521541950113
34.20963718820862
34.69219954648526
35.17149659863946
35.64814058956916
35.89131519274376
36.133696145124716
36.61022675736962
36.857301587301585
37.099546485260774
37.57421768707483
37.808185941043085
38.052902494331065
38.52986394557823
39.0159410430839
39.491133786848074
39.73487528344671
39.968548752834465
40.45467120181406
40.93229024943311
41.40893424036281
41.65199546485261
41.895646258503405
42.37149659863945
42.85995464852608
43.33342403628118
43.57072562358277
43.810204081632655
44.28836734693878
44.77448979591837
45.25031746031746
45.49256235827664
45.72857142857143
46.21337868480725
46.69281179138322
47.171791383219954
47.410385487528345
47.65156462585034
48.13009070294785
48.6175283446712
49.092131519274375
49.33616780045352
49.57154195011338
50.055895691609976
50.533854875283446
51.009478458049884
51.25022675736962
51.495124716553285
51.9718820861678
52.45854875283447
52.93566893424036
53.16895691609977
53.41342403628118
53.89027210884354
54.376122448979594
54.85011337868481
55.09367346938775
55.32981859410431
55.814467120181405
56.29195011337868
56.76997732426304
57.00993197278912
57.25430839002268
57.7302947845805
58.22009070294784
58.692585034013604
58.930907029478455
59.17115646258503
59.56934240362812
60.137845804988665
60.491609977324266
61.09170068027211
61.57539682539682
62.05154195011338
62.410113378684805
62.769410430839
63.0152380952381
63.255873015873014
63.490975056689344
63.97575963718821
64.33485260770975
64.68807256235827
64.93092970521542
65.41639455782312
65.89492063492064
66.25210884353741
66.61174603174604
66.85321995464852
67.09015873015873
67.33285714285714
67.6931746031746
67.81077097505668
68.16977324263038
68.77278911564626
69.13179138321995
69.24972789115647
69.61730158730158
69.7343537414966
70.09430839002268
70.69015873015873
73.45170068027211
73.56897959183674
73.93727891156463
74.05596371882086
74.41394557823129
74.5331746031746
74.8908843537415
75.00773242630386
75.2515873015873
75.73068027210884
76.08607709750567
76.21575963718821
76.44947845804988
76.68977324263038
77.04918367346939
77.17215419501134
77.41140589569162
77.65183673469387
77.8869387755102
78.01410430839002
78.1330612244898
78.37814058956916
78.61353741496599
78.8536507936508
79.08943310657597
79.32920634920634
79.57358276643991
79.92802721088435
80.05179138321995
80.292358276644
80.53179138321995
80.76573696145125
80.8912925170068
81.01131519274377
81.25344671201815
81.49297052154195
81.72646258503401
81.85448979591837
81.97557823129252
82.21666666666667
82.45698412698412
82.69532879818594
82.93403628117913
83.41160997732426
83.77242630385487
83.89387755102041
84.13281179138322
84.37312925170068
84.60569160997733
84.73403628117914
84.85272108843537
85.09371882086168
85.3349433106576
85.68990929705215
85.81473922902494
86.05589569160998
86.29496598639456
86.5344671201814
86.7718820861678
87.01312925170068
87.25310657596371
87.48605442176871
87.61378684807256
87.73342403628118
87.97755102040816
88.21081632653062
88.56886621315192
88.6975283446712
88.93020408163265
89.17385487528345
89.41539682539683
89.65442176870748
90.13614512471655
90.37065759637188
90.61074829931972
90.85448979591837
91.09104308390023
91.3315873015873
91.57650793650794
91.81281179138323
92.05136054421769
92.29410430839002
92.53287981859411
92.77446712018141
93.01487528344671
93.249410430839
93.49589569160997
93.73997732426304
93.9748752834467
94.21122448979592
94.45390022675737
94.69324263038548
94.93356009070295
95.17167800453515
95.41326530612245
95.6567120181406
95.89408163265306
96.13031746031746
96.37362811791384
96.61507936507937
96.85290249433106
97.0901133786848
97.33734693877551
97.57732426303855
97.81424036281179
98.05378684807256
98.29301587301588
98.77487528344672
99.25204081632653
99.49501133786848
99.7346485260771
100.21380952380953
100.45408163265306
100.6921768707483
100.93072562358276
101.17448979591836
101.65496598639456
101.89698412698412
102.13056689342403
102.37555555555555
102.61303854875284
102.8468253968254
103.09659863945578
121.00442176870749
121.57696145124717
121.93428571428572
122.53117913832199
123.01759637188209
123.49108843537415
123.85006802721088
124.20936507936509
124.45517006802721
124.69015873015873
124.93151927437641
125.41716553287982
125.77458049886621
126.37045351473922
126.8568253968254
127.33521541950114
127.69222222222223
127.81258503401361
128.05133786848072
128.29353741496598
128.52879818594104
128.77315192743765
129.13117913832198
129.25031746031746
129.6112925170068
130.21351473922903
130.57124716553287
130.68961451247165
131.0567120181406
131.17331065759637
131.53362811791382
134.89290249433105
135.00929705215418
135.3772335600907
135.49732426303854
135.85396825396825
135.97367346938776
136.3301814058957
136.45145124716552
136.6922902494331
136.93709750566893
137.17757369614512
137.29603174603176
137.53625850340137
137.65639455782312
137.89696145124717
138.1316553287982
138.37401360544217
139.09467120181407
139.45444444444445
139.57496598639455
139.81718820861678
140.05458049886622
140.29263038548754
140.52943310657596
140.77056689342405
141.01619047619047
141.2471882086168
141.36884353741496
141.49004535147392
141.73253968253968
141.97160997732425
142.20585034013607
142.33269841269842
142.45092970521543
142.69113378684807
142.93192743764172
143.16632653061225
143.29514739229026
143.4143990929705
143.65684807256235
143.89485260770974
144.13521541950112
144.3747619047619
144.84997732426305
145.21247165532878
145.3340589569161
145.57133786848073
145.81337868480725
146.04634920634922
146.17414965986396
146.2932426303855
146.53428571428572
146.77514739229025
147.13031746031746
147.25471655328798
147.49721088435373
147.73489795918368
147.97530612244898
148.21537414965985
148.45349206349206
148.69297052154195
148.9257596371882
149.05410430839
149.17530612244897
149.41741496598638
149.65315192743765
150.01013605442176
150.137641723356
150.36938775510205
150.61185941043084
150.85553287981858
151.09378684807257
151.3399546485261
151.57591836734693
152.05238095238096
152.5328117913832
153.01650793650794
153.2546485260771
153.492947845805
153.73308390022675
153.97301587301587
154.2162358276644
154.45514739229026
154.68986394557822
154.93412698412698
155.18147392290248
155.4141723356009
155.65181405895692
155.89219954648527
156.13167800453516
156.37600907029477
156.6134693877551
156.85204081632654
157.09498866213153
157.33340136054423
157.5694784580499
157.81142857142856
158.05473922902493
158.29226757369614
158.53142857142856
158.77770975056688
159.01643990929705
159.25396825396825
159.49403628117915
159.73219954648525
160.2136507936508
160.69197278911565
160.93580498866214
161.1740589569161
161.4087755102041
161.65371882086168
161.89462585034013
162.133514739229
162.61408163265307
163.0963492063492
163.57056689342403
163.81662131519275
164.052947845805
164.28648526077097
164.53668934240363
165.01342403628118
168.6121768707483
169.08625850340135
169.81136054421768
170.05303854875282
170.2881632653061
170.53249433106575
171.0085941043084
171.49544217687074
171.9716553287982
172.44757369614513
172.9329931972789
173.6531746031746
173.8875963718821
174.13113378684807
174.37374149659863
174.85049886621314
175.32916099773243
175.81131519274376
176.2908843537415
176.76809523809524
177.48625850340136
177.73049886621314
177.97120181405896
178.21027210884353
178.69190476190477
179.1710657596372
179.6460544217687
180.13031746031746
180.60965986394558
181.329410430839
181.57124716553287
181.81213151927437
182.05045351473922
184.9401133786848
186.59086167800453
186.85734693877552
186.93773242630385
187.03278911564627
187.10090702947846
187.34163265306123
187.57390022675736
187.8142403628118
187.92297052154194
188.05820861678004
188.2965306122449
188.40231292517007
188.53303854875284
188.85727891156463
189.0099319727891
189.25224489795917
189.3505442176871
