0.057324263038548755
28.914126984126984
29.41265306122449
29.523038548752833
29.889365079365078
30.12641723356009
30.368979591836734
30.475895691609978
30.846507936507937
31.33251700680272
31.4387074829932
31.80829931972789
32.05140589569161
32.28628117913832
32.7715873015873
33.24963718820862
33.72562358276644
33.968163265306124
34.2107029478458
34.68798185941043
35.17417233560091
35.28192743764173
35.65068027210884
35.88759637188208
36.12789115646258
36.60791383219954
36.851133786848074
36.97412698412698
37.091859410430835
37.21213151927438
37.33501133786848
37.4571201814059
37.567301587301586
37.697210884353744
37.810544217687074
37.941156462585035
38.04861678004535
38.17383219954649
38.29185941043084
38.41614512471655
38.53056689342404
38.651383219954646
38.7749433106576
38.8924716553288
39.01156462585034
39.13789115646259
39.2521768707483
39.378367346938774
39.487687074829935
39.6249433106576
39.72750566893424
39.86163265306122
39.97054421768708
40.097755102040814
40.215986394557824
40.33185941043084
40.4472335600907
40.5744671201814
40.65043083900227
40.81297052154195
40.93358276643991
41.05018140589569
41.17705215419501
41.29795918367347
41.40997732426304
41.54136054421769
41.65190476190476
41.78294784580499
41.887301587301586
42.01655328798186
42.13154195011338
42.25834467120181
42.37219954648526
42.49185941043084
42.615691609977326
42.73510204081633
42.850861678004534
42.97814058956916
43.094421768707484
43.218231292517004
43.326530612244895
43.56952380952381
43.70056689342404
43.81106575963719
43.93612244897959
44.05750566893424
44.173809523809524
44.2891156462585
44.40265306122449
44.53256235827664
44.77498866213152
45.011428571428574
45.25113378684807
45.48832199546485
45.730226757369614
45.973945578231294
46.20793650793651
46.33795918367347
46.693560090702945
47.16895691609977
47.41204081632653
47.64907029478458
47.893537414965984
48.131904761904764
48.374104308390024
48.6118820861678
48.85390022675737
48.98068027210884
49.086666666666666
49.32907029478458
49.571020408163264
49.815827664399094
50.04861678004535
50.29709750566894
50.53473922902494
50.77793650793651
51.01092970521542
51.13666666666666
51.24732426303855
51.38607709750567
51.489501133786845
51.73242630385487
51.96861678004535
52.21421768707483
52.45238095238095
52.696825396825396
52.92825396825397
53.171020408163265
53.29814058956916
53.40839002267574
53.65575963718821
53.89097505668934
54.015260770975054
54.1337641723356
54.371655328798184
54.61680272108843
54.84727891156463
55.087936507936504
55.33027210884354
55.57390022675737
55.80780045351474
56.055351473922904
56.29419501133787
56.770589569161
57.010226757369615
57.14258503401361
57.249160997732425
57.73201814058957
57.97718820861678
58.211451247165535
58.456757369614515
58.68718820861678
58.929863945578234
59.170589569160995
59.41700680272109
59.58074829931973
59.651541950113376
60.141020408163264
60.487528344671205
60.62337868480726
60.73251700680272
60.85172335600907
61.091179138322
61.33469387755102
61.575600907029475
61.819478458049886
62.05337868480726
62.29916099773243
62.41362811791383
62.54074829931973
62.770430839002266
63.019954648526074
63.25036281179138
63.493854875283446
63.97077097505669
64.2145351473923
64.32956916099774
64.46444444444444
64.57469387755103
64.6898866213152
64.93362811791383
65.1790022675737
65.41004535147393
65.65598639455783
65.7658276643991
65.8943537414966
66.24612244897959
66.38011337868481
66.60841269841269
66.84961451247166
67.09249433106577
67.32566893424037
67.57097505668935
67.69421768707483
67.81222222222222
67.86637188208617
68.05199546485261
68.17226757369615
68.28968253968254
68.34530612244897
68.53151927437642
68.65321995464852
68.76526077097506
68.82979591836735
69.00850340136054
69.1325850340136
69.25172335600907
69.3074149659864
69.49038548752834
69.61179138321995
69.72848072562358
69.9718820861678
70.08888888888889
70.20875283446712
70.26766439909296
70.44816326530612
70.69278911564626
70.74632653061225
70.9363492063492
71.16863945578231
71.34696145124717
71.46630385487528
71.58639455782313
71.82569160997733
71.94723356009071
72.06643990929705
72.30528344671202
72.42979591836735
72.54630385487529
72.78714285714285
72.90664399092971
73.02873015873016
73.14895691609978
73.3256462585034
73.45408163265306
73.57034013605443
73.62793650793651
73.8024716553288
73.92972789115646
74.0463492063492
74.11004535147393
74.28766439909298
74.41210884353741
74.52353741496599
74.58696145124716
74.76498866213151
74.89390022675737
75.00911564625851
75.24630385487528
75.48859410430839
75.73095238095237
75.85462585034014
75.96285714285715
76.09106575963719
76.20739229024943
76.45151927437642
76.69299319727891
76.81757369614512
76.92544217687075
77.05920634920635
77.17015873015873
77.43031746031745
77.64891156462585
77.77630385487528
77.88829931972789
78.00884353741496
78.13319727891157
78.25120181405896
78.36721088435374
78.49659863945578
78.61002267573696
78.73643990929705
78.84297052154194
79.087052154195
79.33036281179139
79.57319727891156
79.69521541950114
79.80544217687074
79.93430839002268
80.04990929705215
80.29492063492063
80.52666666666667
80.65709750566893
80.76850340136055
80.88945578231292
81.01278911564626
81.24662131519274
81.489410430839
81.60868480725624
81.72637188208617
81.84979591836735
81.96884353741497
82.09501133786848
82.21090702947846
82.33532879818594
82.45274376417234
82.5749433106576
82.68392290249433
82.9292970521542
83.17442176870749
83.40975056689342
83.53680272108843
83.64759637188209
83.76761904761905
83.8922902494331
84.12521541950113
84.36839002267574
84.5002947845805
84.60820861678005
84.73233560090704
84.84721088435374
85.08886621315193
85.3322902494331
85.450589569161
85.56614512471656
85.69331065759637
85.80857142857143
85.93349206349207
86.05433106575964
86.17421768707483
86.29222222222222
86.41718820861678
86.52659863945578
86.77179138321995
87.00551020408163
87.24827664399093
87.37832199546486
87.48938775510204
87.60934240362812
87.7343537414966
87.96825396825396
88.21111111111111
88.33238095238096
88.44480725623583
88.57303854875283
88.68793650793651
88.93190476190476
89.17390022675737
89.29265306122448
89.40764172335601
89.53904761904762
89.65124716553288
89.76927437641723
89.90079365079364
90.01673469387755
90.12809523809524
90.25464852607709
90.36875283446712
90.61351473922902
90.84804988662131
91.09077097505669
91.21385487528345
91.32678004535147
91.45185941043084
91.56984126984128
91.81124716553288
92.05263038548753
92.17687074829932
92.28566893424036
92.41863945578231
92.5301133786848
92.78936507936508
93.01117913832199
93.13696145124716
93.24848072562358
93.36891156462585
93.49344671201814
93.61399092970521
93.72884353741496
93.85664399092971
93.97065759637188
94.2034693877551
94.44975056689343
94.69038548752835
94.93328798185941
95.05578231292517
95.16487528344672
95.29566893424037
95.41022675736961
95.65530612244898
95.88857142857142
96.01986394557824
96.1284126984127
96.25478458049886
96.37353741496598
96.60655328798185
96.84968253968253
96.97192743764172
97.08662131519274
97.21009070294785
97.33213151927437
97.45528344671202
97.57138321995465
97.69566893424036
97.8128798185941
97.93512471655329
98.0436507936508
98.28925170068027
98.5352380952381
98.77229024943311
98.8971201814059
99.00786848072562
99.13049886621314
99.25265306122449
99.48571428571428
99.72925170068027
99.86034013605442
99.9691156462585
100.09380952380953
100.21263038548753
100.44877551020409
100.6921768707483
100.8162358276644
100.92408163265306
101.05328798185941
101.16909297052155
101.29371882086168
101.42836734693877
101.53496598639455
101.65394557823129
101.88707482993198
102.13174603174603
102.36725623582767
102.60820861678005
102.7391156462585
102.8466439909297
102.9695918367347
103.09507936507937
103.33002267573696
103.5710657596372
103.69328798185941
103.80283446712018
103.93793650793651
104.04784580498867
104.29839002267573
104.53403628117914
104.65394557823129
104.7655328798186
104.89485260770975
105.01167800453514
105.13430839002268
105.26179138321996
105.37734693877552
105.48879818594105
105.72727891156462
109.62854875283446
111.11179138321995
112.0856462585034
112.18931972789116
116.65641723356009
119.25031746031746
121.09115646258503
121.33603174603175
121.57827664399093
121.92943310657597
122.06233560090703
122.17253968253968
122.29208616780045
122.53136054421769
122.77292517006802
123.01984126984127
123.49433106575964
123.73700680272108
123.85460317460317
123.98630385487529
124.21290249433106
124.45857142857143
124.69126984126984
124.93442176870748
125.41192743764172
125.76986394557824
125.9001814058957
126.0154648526077
126.13104308390022
126.37326530612245
126.85072562358276
127.33659863945579
127.68743764172335
127.82115646258504
128.047641723356
128.29068027210883
128.5328117913832
128.76537414965986
129.01256235827665
129.13426303854877
129.25251700680272
129.4927210884354
129.61226757369616
129.72931972789115
129.7922902494331
129.97213151927437
130.09394557823128
130.20578231292518
130.45392290249433
130.57408163265305
130.6915419501134
130.93151927437643
131.05163265306123
131.16814058956916
131.4100453514739
131.52870748299318
131.6495918367347
131.70827664399093
131.8904761904762
132.13344671201813
132.37587301587303
132.6115873015873
132.7872789115646
132.90687074829933
133.02952380952382
133.2668253968254
133.39027210884353
133.5091156462585
133.7485260770975
133.86786848072563
133.98750566893423
134.22916099773244
134.34873015873015
134.47113378684807
134.58925170068028
134.76555555555555
134.8946485260771
135.01020408163265
135.06907029478458
135.24256235827664
135.36981859410432
135.48637188208616
135.54975056689344
135.72816326530614
135.85231292517005
135.96374149659863
136.0271201814059
136.2038321995465
136.33390022675738
136.45086167800454
136.69469387755103
136.9339909297052
137.17104308390023
137.29725623582766
137.53102040816327
137.6539909297052
137.891179138322
138.13201814058957
138.26532879818595
138.36555555555555
138.49659863945578
138.6105215419501
138.86739229024943
139.0872335600907
139.2181859410431
139.32834467120182
139.4495918367347
139.57303854875283
139.69183673469388
139.80684807256236
139.93639455782312
140.0501133786848
140.17657596371882
140.28337868480725
140.52673469387756
140.7702947845805
141.0134693877551
141.1351247165533
141.24478458049887
141.37401360544217
141.4891836734694
141.73580498866212
141.96850340136055
142.09757369614513
142.20789115646258
142.3305215419501
142.4521768707483
142.6854195011338
142.92954648526077
143.05049886621316
143.1677097505669
143.29002267573696
143.40854875283446
143.53471655328798
143.65142857142857
143.77496598639456
143.8927664399093
144.01580498866213
144.12374149659863
144.36938775510205
144.61532879818594
144.8487755102041
144.9777097505669
145.0878231292517
145.21056689342404
145.3321768707483
145.56528344671202
145.8085260770975
145.94009070294786
146.04666666666665
146.17238095238096
146.28648526077097
146.52902494331065
146.77226757369615
146.89321995464852
147.00598639455782
147.1333560090703
147.24891156462584
147.37691609977324
147.4950566893424
147.61451247165533
147.7331746031746
147.8571655328798
147.96671201814058
148.21224489795918
148.44544217687076
148.6880045351474
148.81791383219954
148.9284126984127
149.04823129251702
149.17412698412699
149.4080498866213
149.6510657596372
149.7767573696145
149.88414965986394
150.0155328798186
150.12814058956917
150.3724716553288
150.6138321995465
150.732358276644
150.84777777777776
150.97773242630385
151.09102040816327
151.20843537414967
151.35197278911565
151.4560544217687
151.56798185941042
151.6936961451247
151.8090702947846
152.05367346938775
152.28868480725623
152.53086167800453
152.65408163265306
152.7659410430839
152.8920634920635
153.01369614512473
153.25149659863945
153.49367346938774
153.61936507936508
153.72560090702947
153.8596371882086
153.97024943310657
154.23079365079366
154.44943310657595
154.57804988662133
154.6887074829932
154.80909297052153
154.93331065759637
155.05458049886622
155.1689342403628
155.29734693877552
155.41056689342403
155.53730158730158
155.64374149659864
155.88807256235827
156.13038548752834
156.37333333333333
156.49621315192744
156.6051247165533
156.7353514739229
156.84995464852608
157.09589569160997
157.32673469387754
157.45975056689343
157.56832199546486
157.6978911564626
157.81303854875284
158.04621315192745
158.28968253968253
158.41201814058957
158.52709750566893
158.65004535147392
158.77263038548753
158.8956462585034
159.0115192743764
159.13526077097507
159.25272108843538
159.37514739229024
159.48380952380953
159.72897959183675
159.97587301587302
160.21319727891157
160.33866213151927
160.44802721088436
160.56784580498865
160.69249433106575
160.92580498866212
161.1685941043084
161.30170068027212
161.40761904761905
161.53485260770975
161.6467120181406
161.8888662131519
162.132358276644
162.2560544217687
162.36621315192744
162.49328798185942
162.60884353741497
162.7322448979592
162.86716553287982
162.97498866213152
163.0945804988662
163.32668934240363
163.57160997732427
163.80680272108845
164.04834467120182
164.1786394557823
164.28757369614513
164.40913832199547
164.5344671201814
164.76945578231292
165.0113605442177
165.13399092970522
165.2419954648526
165.37621315192743
165.48807256235827
165.74081632653062
165.97394557823128
166.09142857142857
166.33312925170068
166.56995464852608
166.6924716553288
166.81528344671202
166.93201814058958
167.1690022675737
168.13798185941044
168.6204081632653
169.09401360544217
169.81319727891156
170.05721088435374
170.29233560090702
171.01798185941044
171.4931746031746
171.9728798185941
172.33839002267572
172.45374149659864
172.93448979591838
173.6502947845805
173.89469387755102
174.13249433106577
174.36961451247166
174.85056689342403
175.33138321995466
175.642358276644
175.8109523809524
176.29448979591837
176.77596371882086
177.49312925170068
177.73585034013607
177.969410430839
178.68920634920636
179.17569160997732
179.6539909297052
180.1324716553288
180.6177097505669
181.13596371882088
181.3346485260771
181.57625850340136
181.8082993197279
183.3305215419501
183.73414965986396
184.37185941043083
185.42374149659864
185.66401360544216
186.86027210884353
187.10124716553287
187.41653061224488
187.57757369614512
187.82086167800455
188.2997052154195
188.54102040816326
189.0177097505669
